:camera
640.000000 480.000000 700.000000 700.000000 320.000000 240.000000 0.200000
-0.000000 -0.000000 -1.000000 0.000000 0.000000 1.000000 -0.000000 0.000000 1.000000 0.000000 -0.000000 0.000000 5.000000 1.000000 0.000000 1.000000 
0.003014 0.000000 -0.999995 0.000000 0.000000 1.000000 0.000000 0.000000 0.999995 0.000000 0.003014 0.000000 4.999977 1.000000 0.015068 1.000000 
0.006027 0.000000 -0.999982 0.000000 0.000000 1.000000 0.000000 0.000000 0.999982 0.000000 0.006027 0.000000 4.999909 1.000000 0.030135 1.000000 
0.009040 0.000000 -0.999959 0.000000 0.000000 1.000000 0.000000 0.000000 0.999959 0.000000 0.009040 0.000000 4.999796 1.000000 0.045202 1.000000 
0.012054 0.000000 -0.999927 0.000000 0.000000 1.000000 0.000000 0.000000 0.999927 0.000000 0.012054 0.000000 4.999637 1.000000 0.060269 1.000000 
0.015067 0.000000 -0.999886 0.000000 0.000000 1.000000 0.000000 0.000000 0.999886 0.000000 0.015067 0.000000 4.999432 1.000000 0.075335 1.000000 
0.018080 0.000000 -0.999837 0.000000 0.000000 1.000000 0.000000 0.000000 0.999837 0.000000 0.018080 0.000000 4.999183 1.000000 0.090401 1.000000 
0.021093 0.000000 -0.999778 0.000000 0.000000 1.000000 0.000000 0.000000 0.999778 0.000000 0.021093 0.000000 4.998888 1.000000 0.105465 1.000000 
0.024106 0.000000 -0.999709 0.000000 0.000000 1.000000 0.000000 0.000000 0.999709 0.000000 0.024106 0.000000 4.998547 1.000000 0.120529 1.000000 
0.027118 0.000000 -0.999632 0.000000 0.000000 1.000000 0.000000 0.000000 0.999632 0.000000 0.027118 0.000000 4.998161 1.000000 0.135592 1.000000 
0.030131 0.000000 -0.999546 0.000000 0.000000 1.000000 0.000000 0.000000 0.999546 0.000000 0.030131 0.000000 4.997730 1.000000 0.150653 1.000000 
0.033143 0.000000 -0.999451 0.000000 0.000000 1.000000 0.000000 0.000000 0.999451 0.000000 0.033143 0.000000 4.997253 1.000000 0.165713 1.000000 
0.036154 0.000000 -0.999346 0.000000 0.000000 1.000000 0.000000 0.000000 0.999346 0.000000 0.036154 0.000000 4.996731 1.000000 0.180772 1.000000 
0.039166 0.000000 -0.999233 0.000000 0.000000 1.000000 0.000000 0.000000 0.999233 0.000000 0.039166 0.000000 4.996164 1.000000 0.195829 1.000000 
0.042177 0.000000 -0.999110 0.000000 0.000000 1.000000 0.000000 0.000000 0.999110 0.000000 0.042177 0.000000 4.995551 1.000000 0.210884 1.000000 
0.045187 0.000000 -0.998979 0.000000 0.000000 1.000000 0.000000 0.000000 0.998979 0.000000 0.045187 0.000000 4.994893 1.000000 0.225937 1.000000 
0.048198 0.000000 -0.998838 0.000000 0.000000 1.000000 0.000000 0.000000 0.998838 0.000000 0.048198 0.000000 4.994189 1.000000 0.240988 1.000000 
0.051207 0.000000 -0.998688 0.000000 0.000000 1.000000 0.000000 0.000000 0.998688 0.000000 0.051207 0.000000 4.993440 1.000000 0.256037 1.000000 
0.054217 0.000000 -0.998529 0.000000 0.000000 1.000000 0.000000 0.000000 0.998529 0.000000 0.054217 0.000000 4.992646 1.000000 0.271084 1.000000 
0.057226 0.000000 -0.998361 0.000000 0.000000 1.000000 0.000000 0.000000 0.998361 0.000000 0.057226 0.000000 4.991806 1.000000 0.286128 1.000000 
0.060234 0.000000 -0.998184 0.000000 0.000000 1.000000 0.000000 0.000000 0.998184 0.000000 0.060234 0.000000 4.990921 1.000000 0.301169 1.000000 
0.063242 0.000000 -0.997998 0.000000 0.000000 1.000000 0.000000 0.000000 0.997998 0.000000 0.063242 0.000000 4.989991 1.000000 0.316208 1.000000 
0.066249 0.000000 -0.997803 0.000000 0.000000 1.000000 0.000000 0.000000 0.997803 0.000000 0.066249 0.000000 4.989016 1.000000 0.331244 1.000000 
0.069255 0.000000 -0.997599 0.000000 0.000000 1.000000 0.000000 0.000000 0.997599 0.000000 0.069255 0.000000 4.987995 1.000000 0.346277 1.000000 
0.072261 0.000000 -0.997386 0.000000 0.000000 1.000000 0.000000 0.000000 0.997386 0.000000 0.072261 0.000000 4.986929 1.000000 0.361307 1.000000 
0.075267 0.000000 -0.997163 0.000000 0.000000 1.000000 0.000000 0.000000 0.997163 0.000000 0.075267 0.000000 4.985817 1.000000 0.376334 1.000000 
0.078271 0.000000 -0.996932 0.000000 0.000000 1.000000 0.000000 0.000000 0.996932 0.000000 0.078271 0.000000 4.984660 1.000000 0.391357 1.000000 
0.081275 0.000000 -0.996692 0.000000 0.000000 1.000000 0.000000 0.000000 0.996692 0.000000 0.081275 0.000000 4.983458 1.000000 0.406376 1.000000 
0.084278 0.000000 -0.996442 0.000000 0.000000 1.000000 0.000000 0.000000 0.996442 0.000000 0.084278 0.000000 4.982211 1.000000 0.421392 1.000000 
0.087281 0.000000 -0.996184 0.000000 0.000000 1.000000 0.000000 0.000000 0.996184 0.000000 0.087281 0.000000 4.980919 1.000000 0.436404 1.000000 
0.090282 0.000000 -0.995916 0.000000 0.000000 1.000000 0.000000 0.000000 0.995916 0.000000 0.090282 0.000000 4.979581 1.000000 0.451412 1.000000 
0.093283 0.000000 -0.995640 0.000000 0.000000 1.000000 0.000000 0.000000 0.995640 0.000000 0.093283 0.000000 4.978198 1.000000 0.466416 1.000000 
0.096283 0.000000 -0.995354 0.000000 0.000000 1.000000 0.000000 0.000000 0.995354 0.000000 0.096283 0.000000 4.976770 1.000000 0.481416 1.000000 
0.099282 0.000000 -0.995059 0.000000 0.000000 1.000000 0.000000 0.000000 0.995059 0.000000 0.099282 0.000000 4.975297 1.000000 0.496411 1.000000 
0.102280 0.000000 -0.994756 0.000000 0.000000 1.000000 0.000000 0.000000 0.994756 0.000000 0.102280 0.000000 4.973778 1.000000 0.511402 1.000000 
0.105278 0.000000 -0.994443 0.000000 0.000000 1.000000 0.000000 0.000000 0.994443 0.000000 0.105278 0.000000 4.972214 1.000000 0.526388 1.000000 
0.108274 0.000000 -0.994121 0.000000 0.000000 1.000000 0.000000 0.000000 0.994121 0.000000 0.108274 0.000000 4.970605 1.000000 0.541370 1.000000 
0.111269 0.000000 -0.993790 0.000000 0.000000 1.000000 0.000000 0.000000 0.993790 0.000000 0.111269 0.000000 4.968951 1.000000 0.556346 1.000000 
0.114264 0.000000 -0.993450 0.000000 0.000000 1.000000 0.000000 0.000000 0.993450 0.000000 0.114264 0.000000 4.967252 1.000000 0.571318 1.000000 
0.117257 0.000000 -0.993102 0.000000 0.000000 1.000000 0.000000 0.000000 0.993102 0.000000 0.117257 0.000000 4.965508 1.000000 0.586284 1.000000 
0.120249 0.000000 -0.992744 0.000000 0.000000 1.000000 0.000000 0.000000 0.992744 0.000000 0.120249 0.000000 4.963719 1.000000 0.601245 1.000000 
0.123240 0.000000 -0.992377 0.000000 0.000000 1.000000 0.000000 0.000000 0.992377 0.000000 0.123240 0.000000 4.961884 1.000000 0.616201 1.000000 
0.126230 0.000000 -0.992001 0.000000 0.000000 1.000000 0.000000 0.000000 0.992001 0.000000 0.126230 0.000000 4.960005 1.000000 0.631151 1.000000 
0.129219 0.000000 -0.991616 0.000000 0.000000 1.000000 0.000000 0.000000 0.991616 0.000000 0.129219 0.000000 4.958080 1.000000 0.646095 1.000000 
0.132207 0.000000 -0.991222 0.000000 0.000000 1.000000 0.000000 0.000000 0.991222 0.000000 0.132207 0.000000 4.956111 1.000000 0.661033 1.000000 
0.135193 0.000000 -0.990819 0.000000 0.000000 1.000000 0.000000 0.000000 0.990819 0.000000 0.135193 0.000000 4.954096 1.000000 0.675965 1.000000 
0.138178 0.000000 -0.990407 0.000000 0.000000 1.000000 0.000000 0.000000 0.990407 0.000000 0.138178 0.000000 4.952037 1.000000 0.690892 1.000000 
0.141162 0.000000 -0.989986 0.000000 0.000000 1.000000 0.000000 0.000000 0.989986 0.000000 0.141162 0.000000 4.949932 1.000000 0.705811 1.000000 
0.144145 0.000000 -0.989557 0.000000 0.000000 1.000000 0.000000 0.000000 0.989557 0.000000 0.144145 0.000000 4.947783 1.000000 0.720725 1.000000 
0.147126 0.000000 -0.989118 0.000000 0.000000 1.000000 0.000000 0.000000 0.989118 0.000000 0.147126 0.000000 4.945589 1.000000 0.735632 1.000000 
0.150106 0.000000 -0.988670 0.000000 0.000000 1.000000 0.000000 0.000000 0.988670 0.000000 0.150106 0.000000 4.943349 1.000000 0.750532 1.000000 
0.153085 0.000000 -0.988213 0.000000 0.000000 1.000000 0.000000 0.000000 0.988213 0.000000 0.153085 0.000000 4.941065 1.000000 0.765426 1.000000 
0.156062 0.000000 -0.987747 0.000000 0.000000 1.000000 0.000000 0.000000 0.987747 0.000000 0.156062 0.000000 4.938736 1.000000 0.780312 1.000000 
0.159038 0.000000 -0.987272 0.000000 0.000000 1.000000 0.000000 0.000000 0.987272 0.000000 0.159038 0.000000 4.936362 1.000000 0.795191 1.000000 
0.162013 0.000000 -0.986789 0.000000 0.000000 1.000000 0.000000 0.000000 0.986789 0.000000 0.162013 0.000000 4.933943 1.000000 0.810064 1.000000 
0.164986 0.000000 -0.986296 0.000000 0.000000 1.000000 0.000000 0.000000 0.986296 0.000000 0.164986 0.000000 4.931480 1.000000 0.824928 1.000000 
0.167957 0.000000 -0.985794 0.000000 0.000000 1.000000 0.000000 0.000000 0.985794 0.000000 0.167957 0.000000 4.928971 1.000000 0.839786 1.000000 
0.170927 0.000000 -0.985284 0.000000 0.000000 1.000000 0.000000 0.000000 0.985284 0.000000 0.170927 0.000000 4.926418 1.000000 0.854635 1.000000 
0.173895 0.000000 -0.984764 0.000000 0.000000 1.000000 0.000000 0.000000 0.984764 0.000000 0.173895 0.000000 4.923821 1.000000 0.869477 1.000000 
0.176862 0.000000 -0.984236 0.000000 0.000000 1.000000 0.000000 0.000000 0.984236 0.000000 0.176862 0.000000 4.921178 1.000000 0.884311 1.000000 
0.179827 0.000000 -0.983698 0.000000 0.000000 1.000000 0.000000 0.000000 0.983698 0.000000 0.179827 0.000000 4.918491 1.000000 0.899137 1.000000 
0.182791 0.000000 -0.983152 0.000000 0.000000 1.000000 0.000000 0.000000 0.983152 0.000000 0.182791 0.000000 4.915759 1.000000 0.913955 1.000000 
0.185753 0.000000 -0.982596 0.000000 0.000000 1.000000 0.000000 0.000000 0.982596 0.000000 0.185753 0.000000 4.912982 1.000000 0.928765 1.000000 
0.188713 0.000000 -0.982032 0.000000 0.000000 1.000000 0.000000 0.000000 0.982032 0.000000 0.188713 0.000000 4.910161 1.000000 0.943566 1.000000 
0.191672 0.000000 -0.981459 0.000000 0.000000 1.000000 0.000000 0.000000 0.981459 0.000000 0.191672 0.000000 4.907295 1.000000 0.958359 1.000000 
0.194628 0.000000 -0.980877 0.000000 0.000000 1.000000 0.000000 0.000000 0.980877 0.000000 0.194628 0.000000 4.904385 1.000000 0.973142 1.000000 
0.197583 0.000000 -0.980286 0.000000 0.000000 1.000000 0.000000 0.000000 0.980286 0.000000 0.197583 0.000000 4.901430 1.000000 0.987917 1.000000 
0.200537 0.000000 -0.979686 0.000000 0.000000 1.000000 0.000000 0.000000 0.979686 0.000000 0.200537 0.000000 4.898431 1.000000 1.002683 1.000000 
0.203488 0.000000 -0.979077 0.000000 0.000000 1.000000 0.000000 0.000000 0.979077 0.000000 0.203488 0.000000 4.895387 1.000000 1.017440 1.000000 
0.206438 0.000000 -0.978460 0.000000 0.000000 1.000000 0.000000 0.000000 0.978460 0.000000 0.206438 0.000000 4.892299 1.000000 1.032188 1.000000 
0.209385 0.000000 -0.977833 0.000000 0.000000 1.000000 0.000000 0.000000 0.977833 0.000000 0.209385 0.000000 4.889166 1.000000 1.046926 1.000000 
0.212331 0.000000 -0.977198 0.000000 0.000000 1.000000 0.000000 0.000000 0.977198 0.000000 0.212331 0.000000 4.885989 1.000000 1.061655 1.000000 
0.215275 0.000000 -0.976553 0.000000 0.000000 1.000000 0.000000 0.000000 0.976553 0.000000 0.215275 0.000000 4.882767 1.000000 1.076374 1.000000 
0.218217 0.000000 -0.975900 0.000000 0.000000 1.000000 0.000000 0.000000 0.975900 0.000000 0.218217 0.000000 4.879502 1.000000 1.091084 1.000000 
0.221157 0.000000 -0.975238 0.000000 0.000000 1.000000 0.000000 0.000000 0.975238 0.000000 0.221157 0.000000 4.876191 1.000000 1.105783 1.000000 
0.224095 0.000000 -0.974567 0.000000 0.000000 1.000000 0.000000 0.000000 0.974567 0.000000 0.224095 0.000000 4.872837 1.000000 1.120473 1.000000 
0.227030 0.000000 -0.973888 0.000000 0.000000 1.000000 0.000000 0.000000 0.973888 0.000000 0.227030 0.000000 4.869438 1.000000 1.135152 1.000000 
0.229964 0.000000 -0.973199 0.000000 0.000000 1.000000 0.000000 0.000000 0.973199 0.000000 0.229964 0.000000 4.865995 1.000000 1.149821 1.000000 
0.232896 0.000000 -0.972502 0.000000 0.000000 1.000000 0.000000 0.000000 0.972502 0.000000 0.232896 0.000000 4.862508 1.000000 1.164480 1.000000 
0.235825 0.000000 -0.971795 0.000000 0.000000 1.000000 0.000000 0.000000 0.971795 0.000000 0.235825 0.000000 4.858977 1.000000 1.179127 1.000000 
0.238753 0.000000 -0.971080 0.000000 0.000000 1.000000 0.000000 0.000000 0.971080 0.000000 0.238753 0.000000 4.855402 1.000000 1.193765 1.000000 
0.241678 0.000000 -0.970356 0.000000 0.000000 1.000000 0.000000 0.000000 0.970356 0.000000 0.241678 0.000000 4.851782 1.000000 1.208391 1.000000 
0.244601 0.000000 -0.969624 0.000000 0.000000 1.000000 0.000000 0.000000 0.969624 0.000000 0.244601 0.000000 4.848119 1.000000 1.223007 1.000000 
0.247522 0.000000 -0.968882 0.000000 0.000000 1.000000 0.000000 0.000000 0.968882 0.000000 0.247522 0.000000 4.844411 1.000000 1.237611 1.000000 
0.250441 0.000000 -0.968132 0.000000 0.000000 1.000000 0.000000 0.000000 0.968132 0.000000 0.250441 0.000000 4.840660 1.000000 1.252204 1.000000 
0.253357 0.000000 -0.967373 0.000000 0.000000 1.000000 0.000000 0.000000 0.967373 0.000000 0.253357 0.000000 4.836864 1.000000 1.266786 1.000000 
0.256271 0.000000 -0.966605 0.000000 0.000000 1.000000 0.000000 0.000000 0.966605 0.000000 0.256271 0.000000 4.833025 1.000000 1.281356 1.000000 
0.259183 0.000000 -0.965828 0.000000 0.000000 1.000000 0.000000 0.000000 0.965828 0.000000 0.259183 0.000000 4.829141 1.000000 1.295914 1.000000 
0.262092 0.000000 -0.965043 0.000000 0.000000 1.000000 0.000000 0.000000 0.965043 0.000000 0.262092 0.000000 4.825214 1.000000 1.310461 1.000000 
0.264999 0.000000 -0.964249 0.000000 0.000000 1.000000 0.000000 0.000000 0.964249 0.000000 0.264999 0.000000 4.821243 1.000000 1.324996 1.000000 
0.267904 0.000000 -0.963446 0.000000 0.000000 1.000000 0.000000 0.000000 0.963446 0.000000 0.267904 0.000000 4.817228 1.000000 1.339519 1.000000 
0.270806 0.000000 -0.962634 0.000000 0.000000 1.000000 0.000000 0.000000 0.962634 0.000000 0.270806 0.000000 4.813170 1.000000 1.354030 1.000000 
0.273706 0.000000 -0.961814 0.000000 0.000000 1.000000 0.000000 0.000000 0.961814 0.000000 0.273706 0.000000 4.809068 1.000000 1.368528 1.000000 
0.276603 0.000000 -0.960984 0.000000 0.000000 1.000000 0.000000 0.000000 0.960984 0.000000 0.276603 0.000000 4.804922 1.000000 1.383014 1.000000 
0.279497 0.000000 -0.960146 0.000000 0.000000 1.000000 0.000000 0.000000 0.960146 0.000000 0.279497 0.000000 4.800732 1.000000 1.397487 1.000000 
0.282390 0.000000 -0.959300 0.000000 0.000000 1.000000 0.000000 0.000000 0.959300 0.000000 0.282390 0.000000 4.796499 1.000000 1.411948 1.000000 
0.285279 0.000000 -0.958444 0.000000 0.000000 1.000000 0.000000 0.000000 0.958444 0.000000 0.285279 0.000000 4.792222 1.000000 1.426396 1.000000 
0.288166 0.000000 -0.957580 0.000000 0.000000 1.000000 0.000000 0.000000 0.957580 0.000000 0.288166 0.000000 4.787902 1.000000 1.440831 1.000000 
0.291051 0.000000 -0.956708 0.000000 0.000000 1.000000 0.000000 0.000000 0.956708 0.000000 0.291051 0.000000 4.783538 1.000000 1.455253 1.000000 
0.293932 0.000000 -0.955826 0.000000 0.000000 1.000000 0.000000 0.000000 0.955826 0.000000 0.293932 0.000000 4.779131 1.000000 1.469662 1.000000 
0.296811 0.000000 -0.954936 0.000000 0.000000 1.000000 0.000000 0.000000 0.954936 0.000000 0.296811 0.000000 4.774681 1.000000 1.484057 1.000000 
0.299688 0.000000 -0.954037 0.000000 0.000000 1.000000 0.000000 0.000000 0.954037 0.000000 0.299688 0.000000 4.770187 1.000000 1.498439 1.000000 
0.302561 0.000000 -0.953130 0.000000 0.000000 1.000000 0.000000 0.000000 0.953130 0.000000 0.302561 0.000000 4.765650 1.000000 1.512807 1.000000 
0.305432 0.000000 -0.952214 0.000000 0.000000 1.000000 0.000000 0.000000 0.952214 0.000000 0.305432 0.000000 4.761069 1.000000 1.527161 1.000000 
0.308300 0.000000 -0.951289 0.000000 0.000000 1.000000 0.000000 0.000000 0.951289 0.000000 0.308300 0.000000 4.756445 1.000000 1.541502 1.000000 
0.311166 0.000000 -0.950356 0.000000 0.000000 1.000000 0.000000 0.000000 0.950356 0.000000 0.311166 0.000000 4.751778 1.000000 1.555829 1.000000 
0.314028 0.000000 -0.949414 0.000000 0.000000 1.000000 0.000000 0.000000 0.949414 0.000000 0.314028 0.000000 4.747068 1.000000 1.570141 1.000000 
0.316888 0.000000 -0.948463 0.000000 0.000000 1.000000 0.000000 0.000000 0.948463 0.000000 0.316888 0.000000 4.742315 1.000000 1.584439 1.000000 
0.319745 0.000000 -0.947504 0.000000 0.000000 1.000000 0.000000 0.000000 0.947504 0.000000 0.319745 0.000000 4.737519 1.000000 1.598723 1.000000 
0.322598 0.000000 -0.946536 0.000000 0.000000 1.000000 0.000000 0.000000 0.946536 0.000000 0.322598 0.000000 4.732680 1.000000 1.612992 1.000000 
0.325449 0.000000 -0.945559 0.000000 0.000000 1.000000 0.000000 0.000000 0.945559 0.000000 0.325449 0.000000 4.727797 1.000000 1.627247 1.000000 
0.328297 0.000000 -0.944574 0.000000 0.000000 1.000000 0.000000 0.000000 0.944574 0.000000 0.328297 0.000000 4.722872 1.000000 1.641487 1.000000 
0.331142 0.000000 -0.943581 0.000000 0.000000 1.000000 0.000000 0.000000 0.943581 0.000000 0.331142 0.000000 4.717904 1.000000 1.655712 1.000000 
0.333984 0.000000 -0.942579 0.000000 0.000000 1.000000 0.000000 0.000000 0.942579 0.000000 0.333984 0.000000 4.712893 1.000000 1.669922 1.000000 
0.336823 0.000000 -0.941568 0.000000 0.000000 1.000000 0.000000 0.000000 0.941568 0.000000 0.336823 0.000000 4.707839 1.000000 1.684117 1.000000 
0.339659 0.000000 -0.940549 0.000000 0.000000 1.000000 0.000000 0.000000 0.940549 0.000000 0.339659 0.000000 4.702743 1.000000 1.698296 1.000000 
0.342492 0.000000 -0.939521 0.000000 0.000000 1.000000 0.000000 0.000000 0.939521 0.000000 0.342492 0.000000 4.697604 1.000000 1.712460 1.000000 
0.345322 0.000000 -0.938484 0.000000 0.000000 1.000000 0.000000 0.000000 0.938484 0.000000 0.345322 0.000000 4.692422 1.000000 1.726609 1.000000 
0.348148 0.000000 -0.937439 0.000000 0.000000 1.000000 0.000000 0.000000 0.937439 0.000000 0.348148 0.000000 4.687197 1.000000 1.740742 1.000000 
0.350972 0.000000 -0.936386 0.000000 0.000000 1.000000 0.000000 0.000000 0.936386 0.000000 0.350972 0.000000 4.681930 1.000000 1.754859 1.000000 
0.353792 0.000000 -0.935324 0.000000 0.000000 1.000000 0.000000 0.000000 0.935324 0.000000 0.353792 0.000000 4.676621 1.000000 1.768960 1.000000 
0.356609 0.000000 -0.934254 0.000000 0.000000 1.000000 0.000000 0.000000 0.934254 0.000000 0.356609 0.000000 4.671269 1.000000 1.783045 1.000000 
0.359423 0.000000 -0.933175 0.000000 0.000000 1.000000 0.000000 0.000000 0.933175 0.000000 0.359423 0.000000 4.665874 1.000000 1.797114 1.000000 
0.362233 0.000000 -0.932087 0.000000 0.000000 1.000000 0.000000 0.000000 0.932087 0.000000 0.362233 0.000000 4.660437 1.000000 1.811166 1.000000 
0.365040 0.000000 -0.930992 0.000000 0.000000 1.000000 0.000000 0.000000 0.930992 0.000000 0.365040 0.000000 4.654958 1.000000 1.825202 1.000000 
0.367844 0.000000 -0.929887 0.000000 0.000000 1.000000 0.000000 0.000000 0.929887 0.000000 0.367844 0.000000 4.649437 1.000000 1.839222 1.000000 
0.370645 0.000000 -0.928775 0.000000 0.000000 1.000000 0.000000 0.000000 0.928775 0.000000 0.370645 0.000000 4.643873 1.000000 1.853225 1.000000 
0.373442 0.000000 -0.927653 0.000000 0.000000 1.000000 0.000000 0.000000 0.927653 0.000000 0.373442 0.000000 4.638267 1.000000 1.867210 1.000000 
0.376236 0.000000 -0.926524 0.000000 0.000000 1.000000 0.000000 0.000000 0.926524 0.000000 0.376236 0.000000 4.632620 1.000000 1.881179 1.000000 
0.379026 0.000000 -0.925386 0.000000 0.000000 1.000000 0.000000 0.000000 0.925386 0.000000 0.379026 0.000000 4.626930 1.000000 1.895131 1.000000 
0.381813 0.000000 -0.924240 0.000000 0.000000 1.000000 0.000000 0.000000 0.924240 0.000000 0.381813 0.000000 4.621198 1.000000 1.909066 1.000000 
0.384597 0.000000 -0.923085 0.000000 0.000000 1.000000 0.000000 0.000000 0.923085 0.000000 0.384597 0.000000 4.615424 1.000000 1.922983 1.000000 
0.387377 0.000000 -0.921922 0.000000 0.000000 1.000000 0.000000 0.000000 0.921922 0.000000 0.387377 0.000000 4.609608 1.000000 1.936883 1.000000 
0.390153 0.000000 -0.920750 0.000000 0.000000 1.000000 0.000000 0.000000 0.920750 0.000000 0.390153 0.000000 4.603750 1.000000 1.950766 1.000000 
0.392926 0.000000 -0.919570 0.000000 0.000000 1.000000 0.000000 0.000000 0.919570 0.000000 0.392926 0.000000 4.597850 1.000000 1.964630 1.000000 
0.395695 0.000000 -0.918382 0.000000 0.000000 1.000000 0.000000 0.000000 0.918382 0.000000 0.395695 0.000000 4.591909 1.000000 1.978477 1.000000 
0.398461 0.000000 -0.917185 0.000000 0.000000 1.000000 0.000000 0.000000 0.917185 0.000000 0.398461 0.000000 4.585926 1.000000 1.992306 1.000000 
0.401223 0.000000 -0.915980 0.000000 0.000000 1.000000 0.000000 0.000000 0.915980 0.000000 0.401223 0.000000 4.579901 1.000000 2.006117 1.000000 
0.403982 0.000000 -0.914767 0.000000 0.000000 1.000000 0.000000 0.000000 0.914767 0.000000 0.403982 0.000000 4.573835 1.000000 2.019909 1.000000 
0.406737 0.000000 -0.913545 0.000000 0.000000 1.000000 0.000000 0.000000 0.913545 0.000000 0.406737 0.000000 4.567727 1.000000 2.033683 1.000000 
0.409488 0.000000 -0.912316 0.000000 0.000000 1.000000 0.000000 0.000000 0.912316 0.000000 0.409488 0.000000 4.561578 1.000000 2.047439 1.000000 
0.412235 0.000000 -0.911077 0.000000 0.000000 1.000000 0.000000 0.000000 0.911077 0.000000 0.412235 0.000000 4.555387 1.000000 2.061176 1.000000 
0.414979 0.000000 -0.909831 0.000000 0.000000 1.000000 0.000000 0.000000 0.909831 0.000000 0.414979 0.000000 4.549155 1.000000 2.074894 1.000000 
0.417719 0.000000 -0.908576 0.000000 0.000000 1.000000 0.000000 0.000000 0.908576 0.000000 0.417719 0.000000 4.542882 1.000000 2.088594 1.000000 
0.420455 0.000000 -0.907313 0.000000 0.000000 1.000000 0.000000 0.000000 0.907313 0.000000 0.420455 0.000000 4.536567 1.000000 2.102274 1.000000 
0.423187 0.000000 -0.906042 0.000000 0.000000 1.000000 0.000000 0.000000 0.906042 0.000000 0.423187 0.000000 4.530211 1.000000 2.115936 1.000000 
0.425916 0.000000 -0.904763 0.000000 0.000000 1.000000 0.000000 0.000000 0.904763 0.000000 0.425916 0.000000 4.523814 1.000000 2.129578 1.000000 
0.428640 0.000000 -0.903475 0.000000 0.000000 1.000000 0.000000 0.000000 0.903475 0.000000 0.428640 0.000000 4.517376 1.000000 2.143201 1.000000 
0.431361 0.000000 -0.902179 0.000000 0.000000 1.000000 0.000000 0.000000 0.902179 0.000000 0.431361 0.000000 4.510897 1.000000 2.156804 1.000000 
0.434078 0.000000 -0.900875 0.000000 0.000000 1.000000 0.000000 0.000000 0.900875 0.000000 0.434078 0.000000 4.504377 1.000000 2.170388 1.000000 
0.436790 0.000000 -0.899563 0.000000 0.000000 1.000000 0.000000 0.000000 0.899563 0.000000 0.436790 0.000000 4.497816 1.000000 2.183952 1.000000 
0.439499 0.000000 -0.898243 0.000000 0.000000 1.000000 0.000000 0.000000 0.898243 0.000000 0.439499 0.000000 4.491215 1.000000 2.197497 1.000000 
0.442204 0.000000 -0.896914 0.000000 0.000000 1.000000 0.000000 0.000000 0.896914 0.000000 0.442204 0.000000 4.484572 1.000000 2.211021 1.000000 
0.444905 0.000000 -0.895578 0.000000 0.000000 1.000000 0.000000 0.000000 0.895578 0.000000 0.444905 0.000000 4.477889 1.000000 2.224525 1.000000 
0.447602 0.000000 -0.894233 0.000000 0.000000 1.000000 0.000000 0.000000 0.894233 0.000000 0.447602 0.000000 4.471165 1.000000 2.238009 1.000000 
0.450295 0.000000 -0.892880 0.000000 0.000000 1.000000 0.000000 0.000000 0.892880 0.000000 0.450295 0.000000 4.464400 1.000000 2.251473 1.000000 
0.452983 0.000000 -0.891519 0.000000 0.000000 1.000000 0.000000 0.000000 0.891519 0.000000 0.452983 0.000000 4.457595 1.000000 2.264917 1.000000 
0.455668 0.000000 -0.890150 0.000000 0.000000 1.000000 0.000000 0.000000 0.890150 0.000000 0.455668 0.000000 4.450749 1.000000 2.278339 1.000000 
0.458348 0.000000 -0.888773 0.000000 0.000000 1.000000 0.000000 0.000000 0.888773 0.000000 0.458348 0.000000 4.443863 1.000000 2.291741 1.000000 
0.461025 0.000000 -0.887387 0.000000 0.000000 1.000000 0.000000 0.000000 0.887387 0.000000 0.461025 0.000000 4.436937 1.000000 2.305123 1.000000 
0.463697 0.000000 -0.885994 0.000000 0.000000 1.000000 0.000000 0.000000 0.885994 0.000000 0.463697 0.000000 4.429970 1.000000 2.318483 1.000000 
0.466364 0.000000 -0.884593 0.000000 0.000000 1.000000 0.000000 0.000000 0.884593 0.000000 0.466364 0.000000 4.422963 1.000000 2.331822 1.000000 
0.469028 0.000000 -0.883183 0.000000 0.000000 1.000000 0.000000 0.000000 0.883183 0.000000 0.469028 0.000000 4.415916 1.000000 2.345140 1.000000 
0.471687 0.000000 -0.881766 0.000000 0.000000 1.000000 0.000000 0.000000 0.881766 0.000000 0.471687 0.000000 4.408829 1.000000 2.358437 1.000000 
0.474342 0.000000 -0.880340 0.000000 0.000000 1.000000 0.000000 0.000000 0.880340 0.000000 0.474342 0.000000 4.401702 1.000000 2.371712 1.000000 
0.476993 0.000000 -0.878907 0.000000 0.000000 1.000000 0.000000 0.000000 0.878907 0.000000 0.476993 0.000000 4.394535 1.000000 2.384966 1.000000 
0.479640 0.000000 -0.877466 0.000000 0.000000 1.000000 0.000000 0.000000 0.877466 0.000000 0.479640 0.000000 4.387328 1.000000 2.398198 1.000000 
0.482282 0.000000 -0.876016 0.000000 0.000000 1.000000 0.000000 0.000000 0.876016 0.000000 0.482282 0.000000 4.380081 1.000000 2.411409 1.000000 
0.484919 0.000000 -0.874559 0.000000 0.000000 1.000000 0.000000 0.000000 0.874559 0.000000 0.484919 0.000000 4.372794 1.000000 2.424597 1.000000 
0.487553 0.000000 -0.873094 0.000000 0.000000 1.000000 0.000000 0.000000 0.873094 0.000000 0.487553 0.000000 4.365468 1.000000 2.437764 1.000000 
0.490182 0.000000 -0.871620 0.000000 0.000000 1.000000 0.000000 0.000000 0.871620 0.000000 0.490182 0.000000 4.358102 1.000000 2.450908 1.000000 
0.492806 0.000000 -0.870139 0.000000 0.000000 1.000000 0.000000 0.000000 0.870139 0.000000 0.492806 0.000000 4.350696 1.000000 2.464030 1.000000 
0.495426 0.000000 -0.868650 0.000000 0.000000 1.000000 0.000000 0.000000 0.868650 0.000000 0.495426 0.000000 4.343251 1.000000 2.477130 1.000000 
0.498041 0.000000 -0.867153 0.000000 0.000000 1.000000 0.000000 0.000000 0.867153 0.000000 0.498041 0.000000 4.335766 1.000000 2.490207 1.000000 
0.500652 0.000000 -0.865648 0.000000 0.000000 1.000000 0.000000 0.000000 0.865648 0.000000 0.500652 0.000000 4.328242 1.000000 2.503262 1.000000 
0.503259 0.000000 -0.864136 0.000000 0.000000 1.000000 0.000000 0.000000 0.864136 0.000000 0.503259 0.000000 4.320679 1.000000 2.516293 1.000000 
0.505860 0.000000 -0.862615 0.000000 0.000000 1.000000 0.000000 0.000000 0.862615 0.000000 0.505860 0.000000 4.313077 1.000000 2.529302 1.000000 
0.508458 0.000000 -0.861087 0.000000 0.000000 1.000000 0.000000 0.000000 0.861087 0.000000 0.508458 0.000000 4.305435 1.000000 2.542288 1.000000 
0.511050 0.000000 -0.859551 0.000000 0.000000 1.000000 0.000000 0.000000 0.859551 0.000000 0.511050 0.000000 4.297754 1.000000 2.555251 1.000000 
0.513638 0.000000 -0.858007 0.000000 0.000000 1.000000 0.000000 0.000000 0.858007 0.000000 0.513638 0.000000 4.290034 1.000000 2.568191 1.000000 
0.516221 0.000000 -0.856455 0.000000 0.000000 1.000000 0.000000 0.000000 0.856455 0.000000 0.516221 0.000000 4.282276 1.000000 2.581107 1.000000 
0.518800 0.000000 -0.854896 0.000000 0.000000 1.000000 0.000000 0.000000 0.854896 0.000000 0.518800 0.000000 4.274478 1.000000 2.594000 1.000000 
0.521374 0.000000 -0.853328 0.000000 0.000000 1.000000 0.000000 0.000000 0.853328 0.000000 0.521374 0.000000 4.266641 1.000000 2.606870 1.000000 
0.523943 0.000000 -0.851753 0.000000 0.000000 1.000000 0.000000 0.000000 0.851753 0.000000 0.523943 0.000000 4.258766 1.000000 2.619716 1.000000 
0.526508 0.000000 -0.850170 0.000000 0.000000 1.000000 0.000000 0.000000 0.850170 0.000000 0.526508 0.000000 4.250852 1.000000 2.632538 1.000000 
0.529067 0.000000 -0.848580 0.000000 0.000000 1.000000 0.000000 0.000000 0.848580 0.000000 0.529067 0.000000 4.242900 1.000000 2.645336 1.000000 
0.531622 0.000000 -0.846982 0.000000 0.000000 1.000000 0.000000 0.000000 0.846982 0.000000 0.531622 0.000000 4.234909 1.000000 2.658110 1.000000 
0.534172 0.000000 -0.845376 0.000000 0.000000 1.000000 0.000000 0.000000 0.845376 0.000000 0.534172 0.000000 4.226879 1.000000 2.670860 1.000000 
0.536717 0.000000 -0.843762 0.000000 0.000000 1.000000 0.000000 0.000000 0.843762 0.000000 0.536717 0.000000 4.218812 1.000000 2.683585 1.000000 
0.539257 0.000000 -0.842141 0.000000 0.000000 1.000000 0.000000 0.000000 0.842141 0.000000 0.539257 0.000000 4.210705 1.000000 2.696286 1.000000 
0.541793 0.000000 -0.840512 0.000000 0.000000 1.000000 0.000000 0.000000 0.840512 0.000000 0.541793 0.000000 4.202561 1.000000 2.708963 1.000000 
0.544323 0.000000 -0.838876 0.000000 0.000000 1.000000 0.000000 0.000000 0.838876 0.000000 0.544323 0.000000 4.194378 1.000000 2.721615 1.000000 
0.546849 0.000000 -0.837232 0.000000 0.000000 1.000000 0.000000 0.000000 0.837232 0.000000 0.546849 0.000000 4.186158 1.000000 2.734243 1.000000 
0.549369 0.000000 -0.835580 0.000000 0.000000 1.000000 0.000000 0.000000 0.835580 0.000000 0.549369 0.000000 4.177899 1.000000 2.746845 1.000000 
0.551885 0.000000 -0.833920 0.000000 0.000000 1.000000 0.000000 0.000000 0.833920 0.000000 0.551885 0.000000 4.169602 1.000000 2.759423 1.000000 
0.554395 0.000000 -0.832254 0.000000 0.000000 1.000000 0.000000 0.000000 0.832254 0.000000 0.554395 0.000000 4.161268 1.000000 2.771976 1.000000 
0.556901 0.000000 -0.830579 0.000000 0.000000 1.000000 0.000000 0.000000 0.830579 0.000000 0.556901 0.000000 4.152896 1.000000 2.784503 1.000000 
0.559401 0.000000 -0.828897 0.000000 0.000000 1.000000 0.000000 0.000000 0.828897 0.000000 0.559401 0.000000 4.144486 1.000000 2.797005 1.000000 
0.561896 0.000000 -0.827208 0.000000 0.000000 1.000000 0.000000 0.000000 0.827208 0.000000 0.561896 0.000000 4.136038 1.000000 2.809482 1.000000 
0.564387 0.000000 -0.825511 0.000000 0.000000 1.000000 0.000000 0.000000 0.825511 0.000000 0.564387 0.000000 4.127553 1.000000 2.821933 1.000000 
0.566872 0.000000 -0.823806 0.000000 0.000000 1.000000 0.000000 0.000000 0.823806 0.000000 0.566872 0.000000 4.119030 1.000000 2.834359 1.000000 
0.569352 0.000000 -0.822094 0.000000 0.000000 1.000000 0.000000 0.000000 0.822094 0.000000 0.569352 0.000000 4.110470 1.000000 2.846759 1.000000 
0.571827 0.000000 -0.820375 0.000000 0.000000 1.000000 0.000000 0.000000 0.820375 0.000000 0.571827 0.000000 4.101873 1.000000 2.859133 1.000000 
0.574296 0.000000 -0.818648 0.000000 0.000000 1.000000 0.000000 0.000000 0.818648 0.000000 0.574296 0.000000 4.093238 1.000000 2.871481 1.000000 
0.576761 0.000000 -0.816913 0.000000 0.000000 1.000000 0.000000 0.000000 0.816913 0.000000 0.576761 0.000000 4.084566 1.000000 2.883803 1.000000 
0.579220 0.000000 -0.815171 0.000000 0.000000 1.000000 0.000000 0.000000 0.815171 0.000000 0.579220 0.000000 4.075857 1.000000 2.896099 1.000000 
0.581674 0.000000 -0.813422 0.000000 0.000000 1.000000 0.000000 0.000000 0.813422 0.000000 0.581674 0.000000 4.067111 1.000000 2.908368 1.000000 
0.584122 0.000000 -0.811666 0.000000 0.000000 1.000000 0.000000 0.000000 0.811666 0.000000 0.584122 0.000000 4.058328 1.000000 2.920611 1.000000 
0.586566 0.000000 -0.809902 0.000000 0.000000 1.000000 0.000000 0.000000 0.809902 0.000000 0.586566 0.000000 4.049509 1.000000 2.932828 1.000000 
0.589004 0.000000 -0.808130 0.000000 0.000000 1.000000 0.000000 0.000000 0.808130 0.000000 0.589004 0.000000 4.040652 1.000000 2.945018 1.000000 
0.591436 0.000000 -0.806352 0.000000 0.000000 1.000000 0.000000 0.000000 0.806352 0.000000 0.591436 0.000000 4.031759 1.000000 2.957181 1.000000 
0.593863 0.000000 -0.804566 0.000000 0.000000 1.000000 0.000000 0.000000 0.804566 0.000000 0.593863 0.000000 4.022829 1.000000 2.969317 1.000000 
0.596285 0.000000 -0.802773 0.000000 0.000000 1.000000 0.000000 0.000000 0.802773 0.000000 0.596285 0.000000 4.013863 1.000000 2.981427 1.000000 
0.598702 0.000000 -0.800972 0.000000 0.000000 1.000000 0.000000 0.000000 0.800972 0.000000 0.598702 0.000000 4.004860 1.000000 2.993509 1.000000 
0.601113 0.000000 -0.799164 0.000000 0.000000 1.000000 0.000000 0.000000 0.799164 0.000000 0.601113 0.000000 3.995821 1.000000 3.005564 1.000000 
0.603518 0.000000 -0.797349 0.000000 0.000000 1.000000 0.000000 0.000000 0.797349 0.000000 0.603518 0.000000 3.986745 1.000000 3.017592 1.000000 
0.605918 0.000000 -0.795527 0.000000 0.000000 1.000000 0.000000 0.000000 0.795527 0.000000 0.605918 0.000000 3.977634 1.000000 3.029592 1.000000 
0.608313 0.000000 -0.793697 0.000000 0.000000 1.000000 0.000000 0.000000 0.793697 0.000000 0.608313 0.000000 3.968486 1.000000 3.041565 1.000000 
0.610702 0.000000 -0.791860 0.000000 0.000000 1.000000 0.000000 0.000000 0.791860 0.000000 0.610702 0.000000 3.959302 1.000000 3.053511 1.000000 
0.613086 0.000000 -0.790016 0.000000 0.000000 1.000000 0.000000 0.000000 0.790016 0.000000 0.613086 0.000000 3.950082 1.000000 3.065428 1.000000 
0.615464 0.000000 -0.788165 0.000000 0.000000 1.000000 0.000000 0.000000 0.788165 0.000000 0.615464 0.000000 3.940827 1.000000 3.077318 1.000000 
0.617836 0.000000 -0.786307 0.000000 0.000000 1.000000 0.000000 0.000000 0.786307 0.000000 0.617836 0.000000 3.931535 1.000000 3.089180 1.000000 
0.620203 0.000000 -0.784442 0.000000 0.000000 1.000000 0.000000 0.000000 0.784442 0.000000 0.620203 0.000000 3.922208 1.000000 3.101013 1.000000 
0.622564 0.000000 -0.782569 0.000000 0.000000 1.000000 0.000000 0.000000 0.782569 0.000000 0.622564 0.000000 3.912845 1.000000 3.112819 1.000000 
0.624919 0.000000 -0.780689 0.000000 0.000000 1.000000 0.000000 0.000000 0.780689 0.000000 0.624919 0.000000 3.903447 1.000000 3.124596 1.000000 
0.627269 0.000000 -0.778803 0.000000 0.000000 1.000000 0.000000 0.000000 0.778803 0.000000 0.627269 0.000000 3.894013 1.000000 3.136345 1.000000 
0.629613 0.000000 -0.776909 0.000000 0.000000 1.000000 0.000000 0.000000 0.776909 0.000000 0.629613 0.000000 3.884544 1.000000 3.148065 1.000000 
0.631951 0.000000 -0.775008 0.000000 0.000000 1.000000 0.000000 0.000000 0.775008 0.000000 0.631951 0.000000 3.875040 1.000000 3.159757 1.000000 
0.634284 0.000000 -0.773100 0.000000 0.000000 1.000000 0.000000 0.000000 0.773100 0.000000 0.634284 0.000000 3.865500 1.000000 3.171420 1.000000 
0.636611 0.000000 -0.771185 0.000000 0.000000 1.000000 0.000000 0.000000 0.771185 0.000000 0.636611 0.000000 3.855926 1.000000 3.183055 1.000000 
0.638932 0.000000 -0.769263 0.000000 0.000000 1.000000 0.000000 0.000000 0.769263 0.000000 0.638932 0.000000 3.846316 1.000000 3.194660 1.000000 
0.641247 0.000000 -0.767334 0.000000 0.000000 1.000000 0.000000 0.000000 0.767334 0.000000 0.641247 0.000000 3.836671 1.000000 3.206237 1.000000 
0.643557 0.000000 -0.765398 0.000000 0.000000 1.000000 0.000000 0.000000 0.765398 0.000000 0.643557 0.000000 3.826992 1.000000 3.217784 1.000000 
0.645860 0.000000 -0.763456 0.000000 0.000000 1.000000 0.000000 0.000000 0.763456 0.000000 0.645860 0.000000 3.817278 1.000000 3.229302 1.000000 
0.648158 0.000000 -0.761506 0.000000 0.000000 1.000000 0.000000 0.000000 0.761506 0.000000 0.648158 0.000000 3.807529 1.000000 3.240791 1.000000 
0.650450 0.000000 -0.759549 0.000000 0.000000 1.000000 0.000000 0.000000 0.759549 0.000000 0.650450 0.000000 3.797745 1.000000 3.252250 1.000000 
0.652736 0.000000 -0.757585 0.000000 0.000000 1.000000 0.000000 0.000000 0.757585 0.000000 0.652736 0.000000 3.787927 1.000000 3.263680 1.000000 
0.655016 0.000000 -0.755615 0.000000 0.000000 1.000000 0.000000 0.000000 0.755615 0.000000 0.655016 0.000000 3.778075 1.000000 3.275080 1.000000 
0.657290 0.000000 -0.753638 0.000000 0.000000 1.000000 0.000000 0.000000 0.753638 0.000000 0.657290 0.000000 3.768188 1.000000 3.286450 1.000000 
0.659558 0.000000 -0.751654 0.000000 0.000000 1.000000 0.000000 0.000000 0.751654 0.000000 0.659558 0.000000 3.758268 1.000000 3.297791 1.000000 
0.661820 0.000000 -0.749663 0.000000 0.000000 1.000000 0.000000 0.000000 0.749663 0.000000 0.661820 0.000000 3.748313 1.000000 3.309102 1.000000 
0.664076 0.000000 -0.747665 0.000000 0.000000 1.000000 0.000000 0.000000 0.747665 0.000000 0.664076 0.000000 3.738323 1.000000 3.320382 1.000000 
0.666327 0.000000 -0.745660 0.000000 0.000000 1.000000 0.000000 0.000000 0.745660 0.000000 0.666327 0.000000 3.728300 1.000000 3.331633 1.000000 
0.668571 0.000000 -0.743649 0.000000 0.000000 1.000000 0.000000 0.000000 0.743649 0.000000 0.668571 0.000000 3.718244 1.000000 3.342853 1.000000 
0.670809 0.000000 -0.741631 0.000000 0.000000 1.000000 0.000000 0.000000 0.741631 0.000000 0.670809 0.000000 3.708153 1.000000 3.354043 1.000000 
0.673040 0.000000 -0.739606 0.000000 0.000000 1.000000 0.000000 0.000000 0.739606 0.000000 0.673040 0.000000 3.698029 1.000000 3.365202 1.000000 
0.675266 0.000000 -0.737574 0.000000 0.000000 1.000000 0.000000 0.000000 0.737574 0.000000 0.675266 0.000000 3.687871 1.000000 3.376331 1.000000 
0.677486 0.000000 -0.735536 0.000000 0.000000 1.000000 0.000000 0.000000 0.735536 0.000000 0.677486 0.000000 3.677679 1.000000 3.387429 1.000000 
0.679699 0.000000 -0.733491 0.000000 0.000000 1.000000 0.000000 0.000000 0.733491 0.000000 0.679699 0.000000 3.667455 1.000000 3.398496 1.000000 
0.681907 0.000000 -0.731439 0.000000 0.000000 1.000000 0.000000 0.000000 0.731439 0.000000 0.681907 0.000000 3.657197 1.000000 3.409533 1.000000 
0.684108 0.000000 -0.729381 0.000000 0.000000 1.000000 0.000000 0.000000 0.729381 0.000000 0.684108 0.000000 3.646905 1.000000 3.420538 1.000000 
0.686303 0.000000 -0.727316 0.000000 0.000000 1.000000 0.000000 0.000000 0.727316 0.000000 0.686303 0.000000 3.636581 1.000000 3.431513 1.000000 
0.688491 0.000000 -0.725245 0.000000 0.000000 1.000000 0.000000 0.000000 0.725245 0.000000 0.688491 0.000000 3.626224 1.000000 3.442456 1.000000 
0.690674 0.000000 -0.723167 0.000000 0.000000 1.000000 0.000000 0.000000 0.723167 0.000000 0.690674 0.000000 3.615833 1.000000 3.453368 1.000000 
0.692850 0.000000 -0.721082 0.000000 0.000000 1.000000 0.000000 0.000000 0.721082 0.000000 0.692850 0.000000 3.605410 1.000000 3.464249 1.000000 
0.695020 0.000000 -0.718991 0.000000 0.000000 1.000000 0.000000 0.000000 0.718991 0.000000 0.695020 0.000000 3.594954 1.000000 3.475098 1.000000 
0.697183 0.000000 -0.716893 0.000000 0.000000 1.000000 0.000000 0.000000 0.716893 0.000000 0.697183 0.000000 3.584465 1.000000 3.485916 1.000000 
0.699340 0.000000 -0.714789 0.000000 0.000000 1.000000 0.000000 0.000000 0.714789 0.000000 0.699340 0.000000 3.573944 1.000000 3.496702 1.000000 
0.701491 0.000000 -0.712678 0.000000 0.000000 1.000000 0.000000 0.000000 0.712678 0.000000 0.701491 0.000000 3.563391 1.000000 3.507456 1.000000 
0.703636 0.000000 -0.710561 0.000000 0.000000 1.000000 0.000000 0.000000 0.710561 0.000000 0.703636 0.000000 3.552805 1.000000 3.518178 1.000000 
0.705774 0.000000 -0.708437 0.000000 0.000000 1.000000 0.000000 0.000000 0.708437 0.000000 0.705774 0.000000 3.542187 1.000000 3.528869 1.000000 
0.707905 0.000000 -0.706307 0.000000 0.000000 1.000000 0.000000 0.000000 0.706307 0.000000 0.707905 0.000000 3.531536 1.000000 3.539527 1.000000 
0.710031 0.000000 -0.704171 0.000000 0.000000 1.000000 0.000000 0.000000 0.704171 0.000000 0.710031 0.000000 3.520854 1.000000 3.550153 1.000000 
0.712149 0.000000 -0.702028 0.000000 0.000000 1.000000 0.000000 0.000000 0.702028 0.000000 0.712149 0.000000 3.510139 1.000000 3.560747 1.000000 
0.714262 0.000000 -0.699879 0.000000 0.000000 1.000000 0.000000 0.000000 0.699879 0.000000 0.714262 0.000000 3.499393 1.000000 3.571309 1.000000 
0.716368 0.000000 -0.697723 0.000000 0.000000 1.000000 0.000000 0.000000 0.697723 0.000000 0.716368 0.000000 3.488615 1.000000 3.581838 1.000000 
0.718467 0.000000 -0.695561 0.000000 0.000000 1.000000 0.000000 0.000000 0.695561 0.000000 0.718467 0.000000 3.477805 1.000000 3.592335 1.000000 
0.720560 0.000000 -0.693393 0.000000 0.000000 1.000000 0.000000 0.000000 0.693393 0.000000 0.720560 0.000000 3.466964 1.000000 3.602799 1.000000 
0.722646 0.000000 -0.691218 0.000000 0.000000 1.000000 0.000000 0.000000 0.691218 0.000000 0.722646 0.000000 3.456091 1.000000 3.613230 1.000000 
0.724726 0.000000 -0.689037 0.000000 0.000000 1.000000 0.000000 0.000000 0.689037 0.000000 0.724726 0.000000 3.445187 1.000000 3.623629 1.000000 
0.726799 0.000000 -0.686850 0.000000 0.000000 1.000000 0.000000 0.000000 0.686850 0.000000 0.726799 0.000000 3.434251 1.000000 3.633995 1.000000 
0.728865 0.000000 -0.684657 0.000000 0.000000 1.000000 0.000000 0.000000 0.684657 0.000000 0.728865 0.000000 3.423285 1.000000 3.644327 1.000000 
0.730925 0.000000 -0.682457 0.000000 0.000000 1.000000 0.000000 0.000000 0.682457 0.000000 0.730925 0.000000 3.412287 1.000000 3.654627 1.000000 
