:camera
640.000000 480.000000 700.000000 700.000000 320.000000 240.000000 0.400000
0.000000 0.000000 1.000000 0.000000 -0.000000 1.000000 0.000000 0.000000 -1.000000 -0.000000 0.000000 0.000000 4.000000 1.000000 0.000000 1.000000 
-0.003014 -0.000000 0.999995 0.000000 -0.000000 1.000000 -0.000000 0.000000 -0.999995 -0.000000 -0.003014 0.000000 3.999982 1.000000 0.012054 1.000000 
-0.006027 -0.000000 0.999982 0.000000 -0.000000 1.000000 -0.000000 0.000000 -0.999982 -0.000000 -0.006027 0.000000 3.999927 1.000000 0.024108 1.000000 
-0.009040 -0.000000 0.999959 0.000000 -0.000000 1.000000 -0.000000 0.000000 -0.999959 -0.000000 -0.009040 0.000000 3.999837 1.000000 0.036162 1.000000 
-0.012054 -0.000000 0.999927 0.000000 -0.000000 1.000000 -0.000000 0.000000 -0.999927 -0.000000 -0.012054 0.000000 3.999709 1.000000 0.048215 1.000000 
-0.015067 -0.000000 0.999886 0.000000 -0.000000 1.000000 -0.000000 0.000000 -0.999886 -0.000000 -0.015067 0.000000 3.999546 1.000000 0.060268 1.000000 
-0.018080 -0.000000 0.999837 0.000000 -0.000000 1.000000 -0.000000 0.000000 -0.999837 -0.000000 -0.018080 0.000000 3.999346 1.000000 0.072320 1.000000 
-0.021093 -0.000000 0.999778 0.000000 -0.000000 1.000000 -0.000000 0.000000 -0.999778 -0.000000 -0.021093 0.000000 3.999110 1.000000 0.084372 1.000000 
-0.024106 -0.000000 0.999709 0.000000 -0.000000 1.000000 -0.000000 0.000000 -0.999709 -0.000000 -0.024106 0.000000 3.998838 1.000000 0.096423 1.000000 
-0.027118 -0.000000 0.999632 0.000000 -0.000000 1.000000 -0.000000 0.000000 -0.999632 -0.000000 -0.027118 0.000000 3.998529 1.000000 0.108473 1.000000 
-0.030131 -0.000000 0.999546 0.000000 -0.000000 1.000000 -0.000000 0.000000 -0.999546 -0.000000 -0.030131 0.000000 3.998184 1.000000 0.120522 1.000000 
-0.033143 -0.000000 0.999451 0.000000 -0.000000 1.000000 -0.000000 0.000000 -0.999451 -0.000000 -0.033143 0.000000 3.997803 1.000000 0.132571 1.000000 
-0.036154 -0.000000 0.999346 0.000000 -0.000000 1.000000 -0.000000 0.000000 -0.999346 -0.000000 -0.036154 0.000000 3.997385 1.000000 0.144617 1.000000 
-0.039166 -0.000000 0.999233 0.000000 -0.000000 1.000000 -0.000000 0.000000 -0.999233 -0.000000 -0.039166 0.000000 3.996931 1.000000 0.156663 1.000000 
-0.042177 -0.000000 0.999110 0.000000 -0.000000 1.000000 -0.000000 0.000000 -0.999110 -0.000000 -0.042177 0.000000 3.996441 1.000000 0.168707 1.000000 
-0.045187 -0.000000 0.998979 0.000000 -0.000000 1.000000 -0.000000 0.000000 -0.998979 -0.000000 -0.045187 0.000000 3.995914 1.000000 0.180750 1.000000 
-0.048198 -0.000000 0.998838 0.000000 -0.000000 1.000000 -0.000000 0.000000 -0.998838 -0.000000 -0.048198 0.000000 3.995351 1.000000 0.192790 1.000000 
-0.051207 -0.000000 0.998688 0.000000 -0.000000 1.000000 -0.000000 0.000000 -0.998688 -0.000000 -0.051207 0.000000 3.994752 1.000000 0.204830 1.000000 
-0.054217 -0.000000 0.998529 0.000000 -0.000000 1.000000 -0.000000 0.000000 -0.998529 -0.000000 -0.054217 0.000000 3.994117 1.000000 0.216867 1.000000 
-0.057226 -0.000000 0.998361 0.000000 -0.000000 1.000000 -0.000000 0.000000 -0.998361 -0.000000 -0.057226 0.000000 3.993445 1.000000 0.228902 1.000000 
-0.060234 -0.000000 0.998184 0.000000 -0.000000 1.000000 -0.000000 0.000000 -0.998184 -0.000000 -0.060234 0.000000 3.992737 1.000000 0.240936 1.000000 
-0.063242 -0.000000 0.997998 0.000000 -0.000000 1.000000 -0.000000 0.000000 -0.997998 -0.000000 -0.063242 0.000000 3.991993 1.000000 0.252967 1.000000 
-0.066249 -0.000000 0.997803 0.000000 -0.000000 1.000000 -0.000000 0.000000 -0.997803 -0.000000 -0.066249 0.000000 3.991213 1.000000 0.264995 1.000000 
-0.069255 -0.000000 0.997599 0.000000 -0.000000 1.000000 -0.000000 0.000000 -0.997599 -0.000000 -0.069255 0.000000 3.990396 1.000000 0.277022 1.000000 
-0.072261 -0.000000 0.997386 0.000000 -0.000000 1.000000 -0.000000 0.000000 -0.997386 -0.000000 -0.072261 0.000000 3.989543 1.000000 0.289046 1.000000 
-0.075267 -0.000000 0.997163 0.000000 -0.000000 1.000000 -0.000000 0.000000 -0.997163 -0.000000 -0.075267 0.000000 3.988654 1.000000 0.301067 1.000000 
-0.078271 -0.000000 0.996932 0.000000 -0.000000 1.000000 -0.000000 0.000000 -0.996932 -0.000000 -0.078271 0.000000 3.987728 1.000000 0.313085 1.000000 
-0.081275 -0.000000 0.996692 0.000000 -0.000000 1.000000 -0.000000 0.000000 -0.996692 -0.000000 -0.081275 0.000000 3.986767 1.000000 0.325101 1.000000 
-0.084278 -0.000000 0.996442 0.000000 -0.000000 1.000000 -0.000000 0.000000 -0.996442 -0.000000 -0.084278 0.000000 3.985769 1.000000 0.337114 1.000000 
-0.087281 -0.000000 0.996184 0.000000 -0.000000 1.000000 -0.000000 0.000000 -0.996184 -0.000000 -0.087281 0.000000 3.984735 1.000000 0.349123 1.000000 
-0.090282 -0.000000 0.995916 0.000000 -0.000000 1.000000 -0.000000 0.000000 -0.995916 -0.000000 -0.090282 0.000000 3.983665 1.000000 0.361130 1.000000 
-0.093283 -0.000000 0.995640 0.000000 -0.000000 1.000000 -0.000000 0.000000 -0.995640 -0.000000 -0.093283 0.000000 3.982558 1.000000 0.373133 1.000000 
-0.096283 -0.000000 0.995354 0.000000 -0.000000 1.000000 -0.000000 0.000000 -0.995354 -0.000000 -0.096283 0.000000 3.981416 1.000000 0.385133 1.000000 
-0.099282 -0.000000 0.995059 0.000000 -0.000000 1.000000 -0.000000 0.000000 -0.995059 -0.000000 -0.099282 0.000000 3.980237 1.000000 0.397129 1.000000 
-0.102280 -0.000000 0.994756 0.000000 -0.000000 1.000000 -0.000000 0.000000 -0.994756 -0.000000 -0.102280 0.000000 3.979022 1.000000 0.409122 1.000000 
-0.105278 -0.000000 0.994443 0.000000 -0.000000 1.000000 -0.000000 0.000000 -0.994443 -0.000000 -0.105278 0.000000 3.977771 1.000000 0.421111 1.000000 
-0.108274 -0.000000 0.994121 0.000000 -0.000000 1.000000 -0.000000 0.000000 -0.994121 -0.000000 -0.108274 0.000000 3.976484 1.000000 0.433096 1.000000 
-0.111269 -0.000000 0.993790 0.000000 -0.000000 1.000000 -0.000000 0.000000 -0.993790 -0.000000 -0.111269 0.000000 3.975161 1.000000 0.445077 1.000000 
-0.114264 -0.000000 0.993450 0.000000 -0.000000 1.000000 -0.000000 0.000000 -0.993450 -0.000000 -0.114264 0.000000 3.973802 1.000000 0.457054 1.000000 
-0.117257 -0.000000 0.993102 0.000000 -0.000000 1.000000 -0.000000 0.000000 -0.993102 -0.000000 -0.117257 0.000000 3.972406 1.000000 0.469027 1.000000 
-0.120249 -0.000000 0.992744 0.000000 -0.000000 1.000000 -0.000000 0.000000 -0.992744 -0.000000 -0.120249 0.000000 3.970975 1.000000 0.480996 1.000000 
-0.123240 -0.000000 0.992377 0.000000 -0.000000 1.000000 -0.000000 0.000000 -0.992377 -0.000000 -0.123240 0.000000 3.969508 1.000000 0.492961 1.000000 
-0.126230 -0.000000 0.992001 0.000000 -0.000000 1.000000 -0.000000 0.000000 -0.992001 -0.000000 -0.126230 0.000000 3.968004 1.000000 0.504920 1.000000 
-0.129219 -0.000000 0.991616 0.000000 -0.000000 1.000000 -0.000000 0.000000 -0.991616 -0.000000 -0.129219 0.000000 3.966464 1.000000 0.516876 1.000000 
-0.132207 -0.000000 0.991222 0.000000 -0.000000 1.000000 -0.000000 0.000000 -0.991222 -0.000000 -0.132207 0.000000 3.964889 1.000000 0.528826 1.000000 
-0.135193 -0.000000 0.990819 0.000000 -0.000000 1.000000 -0.000000 0.000000 -0.990819 -0.000000 -0.135193 0.000000 3.963277 1.000000 0.540772 1.000000 
-0.138178 -0.000000 0.990407 0.000000 -0.000000 1.000000 -0.000000 0.000000 -0.990407 -0.000000 -0.138178 0.000000 3.961629 1.000000 0.552713 1.000000 
-0.141162 -0.000000 0.989986 0.000000 -0.000000 1.000000 -0.000000 0.000000 -0.989986 -0.000000 -0.141162 0.000000 3.959946 1.000000 0.564649 1.000000 
-0.144145 -0.000000 0.989557 0.000000 -0.000000 1.000000 -0.000000 0.000000 -0.989557 -0.000000 -0.144145 0.000000 3.958226 1.000000 0.576580 1.000000 
-0.147126 -0.000000 0.989118 0.000000 -0.000000 1.000000 -0.000000 0.000000 -0.989118 -0.000000 -0.147126 0.000000 3.956471 1.000000 0.588505 1.000000 
-0.150106 -0.000000 0.988670 0.000000 -0.000000 1.000000 -0.000000 0.000000 -0.988670 -0.000000 -0.150106 0.000000 3.954679 1.000000 0.600426 1.000000 
-0.153085 -0.000000 0.988213 0.000000 -0.000000 1.000000 -0.000000 0.000000 -0.988213 -0.000000 -0.153085 0.000000 3.952852 1.000000 0.612340 1.000000 
-0.156062 -0.000000 0.987747 0.000000 -0.000000 1.000000 -0.000000 0.000000 -0.987747 -0.000000 -0.156062 0.000000 3.950989 1.000000 0.624250 1.000000 
-0.159038 -0.000000 0.987272 0.000000 -0.000000 1.000000 -0.000000 0.000000 -0.987272 -0.000000 -0.159038 0.000000 3.949090 1.000000 0.636153 1.000000 
-0.162013 -0.000000 0.986789 0.000000 -0.000000 1.000000 -0.000000 0.000000 -0.986789 -0.000000 -0.162013 0.000000 3.947155 1.000000 0.648051 1.000000 
-0.164986 -0.000000 0.986296 0.000000 -0.000000 1.000000 -0.000000 0.000000 -0.986296 -0.000000 -0.164986 0.000000 3.945184 1.000000 0.659943 1.000000 
-0.167957 -0.000000 0.985794 0.000000 -0.000000 1.000000 -0.000000 0.000000 -0.985794 -0.000000 -0.167957 0.000000 3.943177 1.000000 0.671829 1.000000 
-0.170927 -0.000000 0.985284 0.000000 -0.000000 1.000000 -0.000000 0.000000 -0.985284 -0.000000 -0.170927 0.000000 3.941135 1.000000 0.683708 1.000000 
-0.173895 -0.000000 0.984764 0.000000 -0.000000 1.000000 -0.000000 0.000000 -0.984764 -0.000000 -0.173895 0.000000 3.939056 1.000000 0.695582 1.000000 
-0.176862 -0.000000 0.984236 0.000000 -0.000000 1.000000 -0.000000 0.000000 -0.984236 -0.000000 -0.176862 0.000000 3.936942 1.000000 0.707449 1.000000 
-0.179827 -0.000000 0.983698 0.000000 -0.000000 1.000000 -0.000000 0.000000 -0.983698 -0.000000 -0.179827 0.000000 3.934793 1.000000 0.719310 1.000000 
-0.182791 -0.000000 0.983152 0.000000 -0.000000 1.000000 -0.000000 0.000000 -0.983152 -0.000000 -0.182791 0.000000 3.932607 1.000000 0.731164 1.000000 
-0.185753 -0.000000 0.982596 0.000000 -0.000000 1.000000 -0.000000 0.000000 -0.982596 -0.000000 -0.185753 0.000000 3.930386 1.000000 0.743012 1.000000 
-0.188713 -0.000000 0.982032 0.000000 -0.000000 1.000000 -0.000000 0.000000 -0.982032 -0.000000 -0.188713 0.000000 3.928129 1.000000 0.754853 1.000000 
-0.191672 -0.000000 0.981459 0.000000 -0.000000 1.000000 -0.000000 0.000000 -0.981459 -0.000000 -0.191672 0.000000 3.925836 1.000000 0.766687 1.000000 
-0.194628 -0.000000 0.980877 0.000000 -0.000000 1.000000 -0.000000 0.000000 -0.980877 -0.000000 -0.194628 0.000000 3.923508 1.000000 0.778514 1.000000 
-0.197583 -0.000000 0.980286 0.000000 -0.000000 1.000000 -0.000000 0.000000 -0.980286 -0.000000 -0.197583 0.000000 3.921144 1.000000 0.790334 1.000000 
-0.200537 -0.000000 0.979686 0.000000 -0.000000 1.000000 -0.000000 0.000000 -0.979686 -0.000000 -0.200537 0.000000 3.918745 1.000000 0.802147 1.000000 
-0.203488 -0.000000 0.979077 0.000000 -0.000000 1.000000 -0.000000 0.000000 -0.979077 -0.000000 -0.203488 0.000000 3.916310 1.000000 0.813952 1.000000 
-0.206438 -0.000000 0.978460 0.000000 -0.000000 1.000000 -0.000000 0.000000 -0.978460 -0.000000 -0.206438 0.000000 3.913839 1.000000 0.825750 1.000000 
-0.209385 -0.000000 0.977833 0.000000 -0.000000 1.000000 -0.000000 0.000000 -0.977833 -0.000000 -0.209385 0.000000 3.911333 1.000000 0.837541 1.000000 
-0.212331 -0.000000 0.977198 0.000000 -0.000000 1.000000 -0.000000 0.000000 -0.977198 -0.000000 -0.212331 0.000000 3.908791 1.000000 0.849324 1.000000 
-0.215275 -0.000000 0.976553 0.000000 -0.000000 1.000000 -0.000000 0.000000 -0.976553 -0.000000 -0.215275 0.000000 3.906214 1.000000 0.861100 1.000000 
-0.218217 -0.000000 0.975900 0.000000 -0.000000 1.000000 -0.000000 0.000000 -0.975900 -0.000000 -0.218217 0.000000 3.903601 1.000000 0.872867 1.000000 
-0.221157 -0.000000 0.975238 0.000000 -0.000000 1.000000 -0.000000 0.000000 -0.975238 -0.000000 -0.221157 0.000000 3.900953 1.000000 0.884627 1.000000 
-0.224095 -0.000000 0.974567 0.000000 -0.000000 1.000000 -0.000000 0.000000 -0.974567 -0.000000 -0.224095 0.000000 3.898270 1.000000 0.896378 1.000000 
-0.227030 -0.000000 0.973888 0.000000 -0.000000 1.000000 -0.000000 0.000000 -0.973888 -0.000000 -0.227030 0.000000 3.895551 1.000000 0.908122 1.000000 
-0.229964 -0.000000 0.973199 0.000000 -0.000000 1.000000 -0.000000 0.000000 -0.973199 -0.000000 -0.229964 0.000000 3.892796 1.000000 0.919857 1.000000 
-0.232896 -0.000000 0.972502 0.000000 -0.000000 1.000000 -0.000000 0.000000 -0.972502 -0.000000 -0.232896 0.000000 3.890007 1.000000 0.931584 1.000000 
-0.235825 -0.000000 0.971795 0.000000 -0.000000 1.000000 -0.000000 0.000000 -0.971795 -0.000000 -0.235825 0.000000 3.887182 1.000000 0.943302 1.000000 
-0.238753 -0.000000 0.971080 0.000000 -0.000000 1.000000 -0.000000 0.000000 -0.971080 -0.000000 -0.238753 0.000000 3.884321 1.000000 0.955012 1.000000 
-0.241678 -0.000000 0.970356 0.000000 -0.000000 1.000000 -0.000000 0.000000 -0.970356 -0.000000 -0.241678 0.000000 3.881426 1.000000 0.966713 1.000000 
-0.244601 -0.000000 0.969624 0.000000 -0.000000 1.000000 -0.000000 0.000000 -0.969624 -0.000000 -0.244601 0.000000 3.878495 1.000000 0.978405 1.000000 
-0.247522 -0.000000 0.968882 0.000000 -0.000000 1.000000 -0.000000 0.000000 -0.968882 -0.000000 -0.247522 0.000000 3.875529 1.000000 0.990089 1.000000 
-0.250441 -0.000000 0.968132 0.000000 -0.000000 1.000000 -0.000000 0.000000 -0.968132 -0.000000 -0.250441 0.000000 3.872528 1.000000 1.001763 1.000000 
-0.253357 -0.000000 0.967373 0.000000 -0.000000 1.000000 -0.000000 0.000000 -0.967373 -0.000000 -0.253357 0.000000 3.869491 1.000000 1.013429 1.000000 
-0.256271 -0.000000 0.966605 0.000000 -0.000000 1.000000 -0.000000 0.000000 -0.966605 -0.000000 -0.256271 0.000000 3.866420 1.000000 1.025085 1.000000 
-0.259183 -0.000000 0.965828 0.000000 -0.000000 1.000000 -0.000000 0.000000 -0.965828 -0.000000 -0.259183 0.000000 3.863313 1.000000 1.036732 1.000000 
-0.262092 -0.000000 0.965043 0.000000 -0.000000 1.000000 -0.000000 0.000000 -0.965043 -0.000000 -0.262092 0.000000 3.860171 1.000000 1.048369 1.000000 
-0.264999 -0.000000 0.964249 0.000000 -0.000000 1.000000 -0.000000 0.000000 -0.964249 -0.000000 -0.264999 0.000000 3.856995 1.000000 1.059997 1.000000 
-0.267904 -0.000000 0.963446 0.000000 -0.000000 1.000000 -0.000000 0.000000 -0.963446 -0.000000 -0.267904 0.000000 3.853783 1.000000 1.071615 1.000000 
-0.270806 -0.000000 0.962634 0.000000 -0.000000 1.000000 -0.000000 0.000000 -0.962634 -0.000000 -0.270806 0.000000 3.850536 1.000000 1.083224 1.000000 
-0.273706 -0.000000 0.961814 0.000000 -0.000000 1.000000 -0.000000 0.000000 -0.961814 -0.000000 -0.273706 0.000000 3.847254 1.000000 1.094822 1.000000 
-0.276603 -0.000000 0.960984 0.000000 -0.000000 1.000000 -0.000000 0.000000 -0.960984 -0.000000 -0.276603 0.000000 3.843937 1.000000 1.106411 1.000000 
-0.279497 -0.000000 0.960146 0.000000 -0.000000 1.000000 -0.000000 0.000000 -0.960146 -0.000000 -0.279497 0.000000 3.840586 1.000000 1.117990 1.000000 
-0.282390 -0.000000 0.959300 0.000000 -0.000000 1.000000 -0.000000 0.000000 -0.959300 -0.000000 -0.282390 0.000000 3.837199 1.000000 1.129559 1.000000 
-0.285279 -0.000000 0.958444 0.000000 -0.000000 1.000000 -0.000000 0.000000 -0.958444 -0.000000 -0.285279 0.000000 3.833778 1.000000 1.141117 1.000000 
-0.288166 -0.000000 0.957580 0.000000 -0.000000 1.000000 -0.000000 0.000000 -0.957580 -0.000000 -0.288166 0.000000 3.830322 1.000000 1.152665 1.000000 
-0.291051 -0.000000 0.956708 0.000000 -0.000000 1.000000 -0.000000 0.000000 -0.956708 -0.000000 -0.291051 0.000000 3.826831 1.000000 1.164202 1.000000 
-0.293932 -0.000000 0.955826 0.000000 -0.000000 1.000000 -0.000000 0.000000 -0.955826 -0.000000 -0.293932 0.000000 3.823305 1.000000 1.175729 1.000000 
-0.296811 -0.000000 0.954936 0.000000 -0.000000 1.000000 -0.000000 0.000000 -0.954936 -0.000000 -0.296811 0.000000 3.819745 1.000000 1.187245 1.000000 
-0.299688 -0.000000 0.954037 0.000000 -0.000000 1.000000 -0.000000 0.000000 -0.954037 -0.000000 -0.299688 0.000000 3.816149 1.000000 1.198751 1.000000 
-0.302561 -0.000000 0.953130 0.000000 -0.000000 1.000000 -0.000000 0.000000 -0.953130 -0.000000 -0.302561 0.000000 3.812520 1.000000 1.210246 1.000000 
-0.305432 -0.000000 0.952214 0.000000 -0.000000 1.000000 -0.000000 0.000000 -0.952214 -0.000000 -0.305432 0.000000 3.808855 1.000000 1.221729 1.000000 
-0.308300 -0.000000 0.951289 0.000000 -0.000000 1.000000 -0.000000 0.000000 -0.951289 -0.000000 -0.308300 0.000000 3.805156 1.000000 1.233202 1.000000 
-0.311166 -0.000000 0.950356 0.000000 -0.000000 1.000000 -0.000000 0.000000 -0.950356 -0.000000 -0.311166 0.000000 3.801423 1.000000 1.244663 1.000000 
-0.314028 -0.000000 0.949414 0.000000 -0.000000 1.000000 -0.000000 0.000000 -0.949414 -0.000000 -0.314028 0.000000 3.797655 1.000000 1.256113 1.000000 
-0.316888 -0.000000 0.948463 0.000000 -0.000000 1.000000 -0.000000 0.000000 -0.948463 -0.000000 -0.316888 0.000000 3.793852 1.000000 1.267551 1.000000 
-0.319745 -0.000000 0.947504 0.000000 -0.000000 1.000000 -0.000000 0.000000 -0.947504 -0.000000 -0.319745 0.000000 3.790015 1.000000 1.278979 1.000000 
-0.322598 -0.000000 0.946536 0.000000 -0.000000 1.000000 -0.000000 0.000000 -0.946536 -0.000000 -0.322598 0.000000 3.786144 1.000000 1.290394 1.000000 
-0.325449 -0.000000 0.945559 0.000000 -0.000000 1.000000 -0.000000 0.000000 -0.945559 -0.000000 -0.325449 0.000000 3.782238 1.000000 1.301798 1.000000 
-0.328297 -0.000000 0.944574 0.000000 -0.000000 1.000000 -0.000000 0.000000 -0.944574 -0.000000 -0.328297 0.000000 3.778298 1.000000 1.313190 1.000000 
-0.331142 -0.000000 0.943581 0.000000 -0.000000 1.000000 -0.000000 0.000000 -0.943581 -0.000000 -0.331142 0.000000 3.774323 1.000000 1.324570 1.000000 
-0.333984 -0.000000 0.942579 0.000000 -0.000000 1.000000 -0.000000 0.000000 -0.942579 -0.000000 -0.333984 0.000000 3.770314 1.000000 1.335938 1.000000 
-0.336823 -0.000000 0.941568 0.000000 -0.000000 1.000000 -0.000000 0.000000 -0.941568 -0.000000 -0.336823 0.000000 3.766271 1.000000 1.347293 1.000000 
-0.339659 -0.000000 0.940549 0.000000 -0.000000 1.000000 -0.000000 0.000000 -0.940549 -0.000000 -0.339659 0.000000 3.762194 1.000000 1.358637 1.000000 
-0.342492 -0.000000 0.939521 0.000000 -0.000000 1.000000 -0.000000 0.000000 -0.939521 -0.000000 -0.342492 0.000000 3.758083 1.000000 1.369968 1.000000 
-0.345322 -0.000000 0.938484 0.000000 -0.000000 1.000000 -0.000000 0.000000 -0.938484 -0.000000 -0.345322 0.000000 3.753937 1.000000 1.381287 1.000000 
-0.348148 -0.000000 0.937439 0.000000 -0.000000 1.000000 -0.000000 0.000000 -0.937439 -0.000000 -0.348148 0.000000 3.749758 1.000000 1.392593 1.000000 
-0.350972 -0.000000 0.936386 0.000000 -0.000000 1.000000 -0.000000 0.000000 -0.936386 -0.000000 -0.350972 0.000000 3.745544 1.000000 1.403887 1.000000 
-0.353792 -0.000000 0.935324 0.000000 -0.000000 1.000000 -0.000000 0.000000 -0.935324 -0.000000 -0.353792 0.000000 3.741297 1.000000 1.415168 1.000000 
-0.356609 -0.000000 0.934254 0.000000 -0.000000 1.000000 -0.000000 0.000000 -0.934254 -0.000000 -0.356609 0.000000 3.737015 1.000000 1.426436 1.000000 
-0.359423 -0.000000 0.933175 0.000000 -0.000000 1.000000 -0.000000 0.000000 -0.933175 -0.000000 -0.359423 0.000000 3.732699 1.000000 1.437691 1.000000 
-0.362233 -0.000000 0.932087 0.000000 -0.000000 1.000000 -0.000000 0.000000 -0.932087 -0.000000 -0.362233 0.000000 3.728350 1.000000 1.448933 1.000000 
-0.365040 -0.000000 0.930992 0.000000 -0.000000 1.000000 -0.000000 0.000000 -0.930992 -0.000000 -0.365040 0.000000 3.723967 1.000000 1.460162 1.000000 
-0.367844 -0.000000 0.929887 0.000000 -0.000000 1.000000 -0.000000 0.000000 -0.929887 -0.000000 -0.367844 0.000000 3.719550 1.000000 1.471377 1.000000 
-0.370645 -0.000000 0.928775 0.000000 -0.000000 1.000000 -0.000000 0.000000 -0.928775 -0.000000 -0.370645 0.000000 3.715099 1.000000 1.482580 1.000000 
-0.373442 -0.000000 0.927653 0.000000 -0.000000 1.000000 -0.000000 0.000000 -0.927653 -0.000000 -0.373442 0.000000 3.710614 1.000000 1.493768 1.000000 
-0.376236 -0.000000 0.926524 0.000000 -0.000000 1.000000 -0.000000 0.000000 -0.926524 -0.000000 -0.376236 0.000000 3.706096 1.000000 1.504944 1.000000 
-0.379026 -0.000000 0.925386 0.000000 -0.000000 1.000000 -0.000000 0.000000 -0.925386 -0.000000 -0.379026 0.000000 3.701544 1.000000 1.516105 1.000000 
-0.381813 -0.000000 0.924240 0.000000 -0.000000 1.000000 -0.000000 0.000000 -0.924240 -0.000000 -0.381813 0.000000 3.696958 1.000000 1.527253 1.000000 
-0.384597 -0.000000 0.923085 0.000000 -0.000000 1.000000 -0.000000 0.000000 -0.923085 -0.000000 -0.384597 0.000000 3.692339 1.000000 1.538387 1.000000 
-0.387377 -0.000000 0.921922 0.000000 -0.000000 1.000000 -0.000000 0.000000 -0.921922 -0.000000 -0.387377 0.000000 3.687686 1.000000 1.549507 1.000000 
-0.390153 -0.000000 0.920750 0.000000 -0.000000 1.000000 -0.000000 0.000000 -0.920750 -0.000000 -0.390153 0.000000 3.683000 1.000000 1.560613 1.000000 
-0.392926 -0.000000 0.919570 0.000000 -0.000000 1.000000 -0.000000 0.000000 -0.919570 -0.000000 -0.392926 0.000000 3.678280 1.000000 1.571704 1.000000 
-0.395695 -0.000000 0.918382 0.000000 -0.000000 1.000000 -0.000000 0.000000 -0.918382 -0.000000 -0.395695 0.000000 3.673527 1.000000 1.582782 1.000000 
-0.398461 -0.000000 0.917185 0.000000 -0.000000 1.000000 -0.000000 0.000000 -0.917185 -0.000000 -0.398461 0.000000 3.668741 1.000000 1.593845 1.000000 
-0.401223 -0.000000 0.915980 0.000000 -0.000000 1.000000 -0.000000 0.000000 -0.915980 -0.000000 -0.401223 0.000000 3.663921 1.000000 1.604893 1.000000 
-0.403982 -0.000000 0.914767 0.000000 -0.000000 1.000000 -0.000000 0.000000 -0.914767 -0.000000 -0.403982 0.000000 3.659068 1.000000 1.615927 1.000000 
-0.406737 -0.000000 0.913545 0.000000 -0.000000 1.000000 -0.000000 0.000000 -0.913545 -0.000000 -0.406737 0.000000 3.654182 1.000000 1.626947 1.000000 
-0.409488 -0.000000 0.912316 0.000000 -0.000000 1.000000 -0.000000 0.000000 -0.912316 -0.000000 -0.409488 0.000000 3.649262 1.000000 1.637951 1.000000 
-0.412235 -0.000000 0.911077 0.000000 -0.000000 1.000000 -0.000000 0.000000 -0.911077 -0.000000 -0.412235 0.000000 3.644310 1.000000 1.648941 1.000000 
-0.414979 -0.000000 0.909831 0.000000 -0.000000 1.000000 -0.000000 0.000000 -0.909831 -0.000000 -0.414979 0.000000 3.639324 1.000000 1.659915 1.000000 
-0.417719 -0.000000 0.908576 0.000000 -0.000000 1.000000 -0.000000 0.000000 -0.908576 -0.000000 -0.417719 0.000000 3.634305 1.000000 1.670875 1.000000 
-0.420455 -0.000000 0.907313 0.000000 -0.000000 1.000000 -0.000000 0.000000 -0.907313 -0.000000 -0.420455 0.000000 3.629254 1.000000 1.681820 1.000000 
-0.423187 -0.000000 0.906042 0.000000 -0.000000 1.000000 -0.000000 0.000000 -0.906042 -0.000000 -0.423187 0.000000 3.624169 1.000000 1.692749 1.000000 
-0.425916 -0.000000 0.904763 0.000000 -0.000000 1.000000 -0.000000 0.000000 -0.904763 -0.000000 -0.425916 0.000000 3.619052 1.000000 1.703662 1.000000 
-0.428640 -0.000000 0.903475 0.000000 -0.000000 1.000000 -0.000000 0.000000 -0.903475 -0.000000 -0.428640 0.000000 3.613901 1.000000 1.714561 1.000000 
-0.431361 -0.000000 0.902179 0.000000 -0.000000 1.000000 -0.000000 0.000000 -0.902179 -0.000000 -0.431361 0.000000 3.608718 1.000000 1.725444 1.000000 
-0.434078 -0.000000 0.900875 0.000000 -0.000000 1.000000 -0.000000 0.000000 -0.900875 -0.000000 -0.434078 0.000000 3.603502 1.000000 1.736311 1.000000 
-0.436790 -0.000000 0.899563 0.000000 -0.000000 1.000000 -0.000000 0.000000 -0.899563 -0.000000 -0.436790 0.000000 3.598253 1.000000 1.747162 1.000000 
-0.439499 -0.000000 0.898243 0.000000 -0.000000 1.000000 -0.000000 0.000000 -0.898243 -0.000000 -0.439499 0.000000 3.592972 1.000000 1.757997 1.000000 
-0.442204 -0.000000 0.896914 0.000000 -0.000000 1.000000 -0.000000 0.000000 -0.896914 -0.000000 -0.442204 0.000000 3.587658 1.000000 1.768817 1.000000 
-0.444905 -0.000000 0.895578 0.000000 -0.000000 1.000000 -0.000000 0.000000 -0.895578 -0.000000 -0.444905 0.000000 3.582311 1.000000 1.779620 1.000000 
-0.447602 -0.000000 0.894233 0.000000 -0.000000 1.000000 -0.000000 0.000000 -0.894233 -0.000000 -0.447602 0.000000 3.576932 1.000000 1.790408 1.000000 
-0.450295 -0.000000 0.892880 0.000000 -0.000000 1.000000 -0.000000 0.000000 -0.892880 -0.000000 -0.450295 0.000000 3.571520 1.000000 1.801179 1.000000 
-0.452983 -0.000000 0.891519 0.000000 -0.000000 1.000000 -0.000000 0.000000 -0.891519 -0.000000 -0.452983 0.000000 3.566076 1.000000 1.811933 1.000000 
-0.455668 -0.000000 0.890150 0.000000 -0.000000 1.000000 -0.000000 0.000000 -0.890150 -0.000000 -0.455668 0.000000 3.560600 1.000000 1.822671 1.000000 
-0.458348 -0.000000 0.888773 0.000000 -0.000000 1.000000 -0.000000 0.000000 -0.888773 -0.000000 -0.458348 0.000000 3.555091 1.000000 1.833393 1.000000 
-0.461025 -0.000000 0.887387 0.000000 -0.000000 1.000000 -0.000000 0.000000 -0.887387 -0.000000 -0.461025 0.000000 3.549550 1.000000 1.844098 1.000000 
-0.463697 -0.000000 0.885994 0.000000 -0.000000 1.000000 -0.000000 0.000000 -0.885994 -0.000000 -0.463697 0.000000 3.543976 1.000000 1.854786 1.000000 
-0.466364 -0.000000 0.884593 0.000000 -0.000000 1.000000 -0.000000 0.000000 -0.884593 -0.000000 -0.466364 0.000000 3.538371 1.000000 1.865458 1.000000 
-0.469028 -0.000000 0.883183 0.000000 -0.000000 1.000000 -0.000000 0.000000 -0.883183 -0.000000 -0.469028 0.000000 3.532733 1.000000 1.876112 1.000000 
-0.471687 -0.000000 0.881766 0.000000 -0.000000 1.000000 -0.000000 0.000000 -0.881766 -0.000000 -0.471687 0.000000 3.527063 1.000000 1.886750 1.000000 
-0.474342 -0.000000 0.880340 0.000000 -0.000000 1.000000 -0.000000 0.000000 -0.880340 -0.000000 -0.474342 0.000000 3.521362 1.000000 1.897370 1.000000 
-0.476993 -0.000000 0.878907 0.000000 -0.000000 1.000000 -0.000000 0.000000 -0.878907 -0.000000 -0.476993 0.000000 3.515628 1.000000 1.907973 1.000000 
-0.479640 -0.000000 0.877466 0.000000 -0.000000 1.000000 -0.000000 0.000000 -0.877466 -0.000000 -0.479640 0.000000 3.509862 1.000000 1.918559 1.000000 
-0.482282 -0.000000 0.876016 0.000000 -0.000000 1.000000 -0.000000 0.000000 -0.876016 -0.000000 -0.482282 0.000000 3.504065 1.000000 1.929127 1.000000 
-0.484919 -0.000000 0.874559 0.000000 -0.000000 1.000000 -0.000000 0.000000 -0.874559 -0.000000 -0.484919 0.000000 3.498235 1.000000 1.939678 1.000000 
-0.487553 -0.000000 0.873094 0.000000 -0.000000 1.000000 -0.000000 0.000000 -0.873094 -0.000000 -0.487553 0.000000 3.492374 1.000000 1.950211 1.000000 
-0.490182 -0.000000 0.871620 0.000000 -0.000000 1.000000 -0.000000 0.000000 -0.871620 -0.000000 -0.490182 0.000000 3.486481 1.000000 1.960726 1.000000 
-0.492806 -0.000000 0.870139 0.000000 -0.000000 1.000000 -0.000000 0.000000 -0.870139 -0.000000 -0.492806 0.000000 3.480557 1.000000 1.971224 1.000000 
-0.495426 -0.000000 0.868650 0.000000 -0.000000 1.000000 -0.000000 0.000000 -0.868650 -0.000000 -0.495426 0.000000 3.474601 1.000000 1.981704 1.000000 
-0.498041 -0.000000 0.867153 0.000000 -0.000000 1.000000 -0.000000 0.000000 -0.867153 -0.000000 -0.498041 0.000000 3.468613 1.000000 1.992166 1.000000 
-0.500652 -0.000000 0.865648 0.000000 -0.000000 1.000000 -0.000000 0.000000 -0.865648 -0.000000 -0.500652 0.000000 3.462594 1.000000 2.002609 1.000000 
-0.503259 -0.000000 0.864136 0.000000 -0.000000 1.000000 -0.000000 0.000000 -0.864136 -0.000000 -0.503259 0.000000 3.456543 1.000000 2.013035 1.000000 
-0.505860 -0.000000 0.862615 0.000000 -0.000000 1.000000 -0.000000 0.000000 -0.862615 -0.000000 -0.505860 0.000000 3.450461 1.000000 2.023442 1.000000 
-0.508458 -0.000000 0.861087 0.000000 -0.000000 1.000000 -0.000000 0.000000 -0.861087 -0.000000 -0.508458 0.000000 3.444348 1.000000 2.033831 1.000000 
-0.511050 -0.000000 0.859551 0.000000 -0.000000 1.000000 -0.000000 0.000000 -0.859551 -0.000000 -0.511050 0.000000 3.438203 1.000000 2.044201 1.000000 
-0.513638 -0.000000 0.858007 0.000000 -0.000000 1.000000 -0.000000 0.000000 -0.858007 -0.000000 -0.513638 0.000000 3.432027 1.000000 2.054553 1.000000 
-0.516221 -0.000000 0.856455 0.000000 -0.000000 1.000000 -0.000000 0.000000 -0.856455 -0.000000 -0.516221 0.000000 3.425820 1.000000 2.064886 1.000000 
-0.518800 -0.000000 0.854896 0.000000 -0.000000 1.000000 -0.000000 0.000000 -0.854896 -0.000000 -0.518800 0.000000 3.419582 1.000000 2.075200 1.000000 
-0.521374 -0.000000 0.853328 0.000000 -0.000000 1.000000 -0.000000 0.000000 -0.853328 -0.000000 -0.521374 0.000000 3.413313 1.000000 2.085496 1.000000 
-0.523943 -0.000000 0.851753 0.000000 -0.000000 1.000000 -0.000000 0.000000 -0.851753 -0.000000 -0.523943 0.000000 3.407013 1.000000 2.095773 1.000000 
-0.526508 -0.000000 0.850170 0.000000 -0.000000 1.000000 -0.000000 0.000000 -0.850170 -0.000000 -0.526508 0.000000 3.400682 1.000000 2.106030 1.000000 
-0.529067 -0.000000 0.848580 0.000000 -0.000000 1.000000 -0.000000 0.000000 -0.848580 -0.000000 -0.529067 0.000000 3.394320 1.000000 2.116269 1.000000 
-0.531622 -0.000000 0.846982 0.000000 -0.000000 1.000000 -0.000000 0.000000 -0.846982 -0.000000 -0.531622 0.000000 3.387927 1.000000 2.126488 1.000000 
-0.534172 -0.000000 0.845376 0.000000 -0.000000 1.000000 -0.000000 0.000000 -0.845376 -0.000000 -0.534172 0.000000 3.381504 1.000000 2.136688 1.000000 
-0.536717 -0.000000 0.843762 0.000000 -0.000000 1.000000 -0.000000 0.000000 -0.843762 -0.000000 -0.536717 0.000000 3.375049 1.000000 2.146868 1.000000 
-0.539257 -0.000000 0.842141 0.000000 -0.000000 1.000000 -0.000000 0.000000 -0.842141 -0.000000 -0.539257 0.000000 3.368564 1.000000 2.157029 1.000000 
-0.541793 -0.000000 0.840512 0.000000 -0.000000 1.000000 -0.000000 0.000000 -0.840512 -0.000000 -0.541793 0.000000 3.362049 1.000000 2.167171 1.000000 
-0.544323 -0.000000 0.838876 0.000000 -0.000000 1.000000 -0.000000 0.000000 -0.838876 -0.000000 -0.544323 0.000000 3.355503 1.000000 2.177292 1.000000 
-0.546849 -0.000000 0.837232 0.000000 -0.000000 1.000000 -0.000000 0.000000 -0.837232 -0.000000 -0.546849 0.000000 3.348926 1.000000 2.187394 1.000000 
-0.549369 -0.000000 0.835580 0.000000 -0.000000 1.000000 -0.000000 0.000000 -0.835580 -0.000000 -0.549369 0.000000 3.342319 1.000000 2.197476 1.000000 
-0.551885 -0.000000 0.833920 0.000000 -0.000000 1.000000 -0.000000 0.000000 -0.833920 -0.000000 -0.551885 0.000000 3.335682 1.000000 2.207539 1.000000 
-0.554395 -0.000000 0.832254 0.000000 -0.000000 1.000000 -0.000000 0.000000 -0.832254 -0.000000 -0.554395 0.000000 3.329014 1.000000 2.217581 1.000000 
-0.556901 -0.000000 0.830579 0.000000 -0.000000 1.000000 -0.000000 0.000000 -0.830579 -0.000000 -0.556901 0.000000 3.322316 1.000000 2.227603 1.000000 
-0.559401 -0.000000 0.828897 0.000000 -0.000000 1.000000 -0.000000 0.000000 -0.828897 -0.000000 -0.559401 0.000000 3.315588 1.000000 2.237604 1.000000 
-0.561896 -0.000000 0.827208 0.000000 -0.000000 1.000000 -0.000000 0.000000 -0.827208 -0.000000 -0.561896 0.000000 3.308830 1.000000 2.247586 1.000000 
-0.564387 -0.000000 0.825511 0.000000 -0.000000 1.000000 -0.000000 0.000000 -0.825511 -0.000000 -0.564387 0.000000 3.302042 1.000000 2.257547 1.000000 
-0.566872 -0.000000 0.823806 0.000000 -0.000000 1.000000 -0.000000 0.000000 -0.823806 -0.000000 -0.566872 0.000000 3.295224 1.000000 2.267487 1.000000 
-0.569352 -0.000000 0.822094 0.000000 -0.000000 1.000000 -0.000000 0.000000 -0.822094 -0.000000 -0.569352 0.000000 3.288376 1.000000 2.277407 1.000000 
-0.571827 -0.000000 0.820375 0.000000 -0.000000 1.000000 -0.000000 0.000000 -0.820375 -0.000000 -0.571827 0.000000 3.281498 1.000000 2.287306 1.000000 
-0.574296 -0.000000 0.818648 0.000000 -0.000000 1.000000 -0.000000 0.000000 -0.818648 -0.000000 -0.574296 0.000000 3.274590 1.000000 2.297185 1.000000 
-0.576761 -0.000000 0.816913 0.000000 -0.000000 1.000000 -0.000000 0.000000 -0.816913 -0.000000 -0.576761 0.000000 3.267653 1.000000 2.307042 1.000000 
-0.579220 -0.000000 0.815171 0.000000 -0.000000 1.000000 -0.000000 0.000000 -0.815171 -0.000000 -0.579220 0.000000 3.260686 1.000000 2.316879 1.000000 
-0.581674 -0.000000 0.813422 0.000000 -0.000000 1.000000 -0.000000 0.000000 -0.813422 -0.000000 -0.581674 0.000000 3.253689 1.000000 2.326695 1.000000 
-0.584122 -0.000000 0.811666 0.000000 -0.000000 1.000000 -0.000000 0.000000 -0.811666 -0.000000 -0.584122 0.000000 3.246663 1.000000 2.336489 1.000000 
-0.586566 -0.000000 0.809902 0.000000 -0.000000 1.000000 -0.000000 0.000000 -0.809902 -0.000000 -0.586566 0.000000 3.239607 1.000000 2.346262 1.000000 
-0.589004 -0.000000 0.808130 0.000000 -0.000000 1.000000 -0.000000 0.000000 -0.808130 -0.000000 -0.589004 0.000000 3.232522 1.000000 2.356014 1.000000 
-0.591436 -0.000000 0.806352 0.000000 -0.000000 1.000000 -0.000000 0.000000 -0.806352 -0.000000 -0.591436 0.000000 3.225407 1.000000 2.365745 1.000000 
-0.593863 -0.000000 0.804566 0.000000 -0.000000 1.000000 -0.000000 0.000000 -0.804566 -0.000000 -0.593863 0.000000 3.218263 1.000000 2.375454 1.000000 
-0.596285 -0.000000 0.802773 0.000000 -0.000000 1.000000 -0.000000 0.000000 -0.802773 -0.000000 -0.596285 0.000000 3.211090 1.000000 2.385141 1.000000 
-0.598702 -0.000000 0.800972 0.000000 -0.000000 1.000000 -0.000000 0.000000 -0.800972 -0.000000 -0.598702 0.000000 3.203888 1.000000 2.394807 1.000000 
-0.601113 -0.000000 0.799164 0.000000 -0.000000 1.000000 -0.000000 0.000000 -0.799164 -0.000000 -0.601113 0.000000 3.196657 1.000000 2.404451 1.000000 
-0.603518 -0.000000 0.797349 0.000000 -0.000000 1.000000 -0.000000 0.000000 -0.797349 -0.000000 -0.603518 0.000000 3.189396 1.000000 2.414074 1.000000 
-0.605918 -0.000000 0.795527 0.000000 -0.000000 1.000000 -0.000000 0.000000 -0.795527 -0.000000 -0.605918 0.000000 3.182107 1.000000 2.423674 1.000000 
-0.608313 -0.000000 0.793697 0.000000 -0.000000 1.000000 -0.000000 0.000000 -0.793697 -0.000000 -0.608313 0.000000 3.174789 1.000000 2.433252 1.000000 
-0.610702 -0.000000 0.791860 0.000000 -0.000000 1.000000 -0.000000 0.000000 -0.791860 -0.000000 -0.610702 0.000000 3.167442 1.000000 2.442808 1.000000 
-0.613086 -0.000000 0.790016 0.000000 -0.000000 1.000000 -0.000000 0.000000 -0.790016 -0.000000 -0.613086 0.000000 3.160066 1.000000 2.452342 1.000000 
-0.615464 -0.000000 0.788165 0.000000 -0.000000 1.000000 -0.000000 0.000000 -0.788165 -0.000000 -0.615464 0.000000 3.152661 1.000000 2.461854 1.000000 
-0.617836 -0.000000 0.786307 0.000000 -0.000000 1.000000 -0.000000 0.000000 -0.786307 -0.000000 -0.617836 0.000000 3.145228 1.000000 2.471344 1.000000 
-0.620203 -0.000000 0.784442 0.000000 -0.000000 1.000000 -0.000000 0.000000 -0.784442 -0.000000 -0.620203 0.000000 3.137766 1.000000 2.480811 1.000000 
-0.622564 -0.000000 0.782569 0.000000 -0.000000 1.000000 -0.000000 0.000000 -0.782569 -0.000000 -0.622564 0.000000 3.130276 1.000000 2.490255 1.000000 
-0.624919 -0.000000 0.780689 0.000000 -0.000000 1.000000 -0.000000 0.000000 -0.780689 -0.000000 -0.624919 0.000000 3.122758 1.000000 2.499677 1.000000 
-0.627269 -0.000000 0.778803 0.000000 -0.000000 1.000000 -0.000000 0.000000 -0.778803 -0.000000 -0.627269 0.000000 3.115211 1.000000 2.509076 1.000000 
-0.629613 -0.000000 0.776909 0.000000 -0.000000 1.000000 -0.000000 0.000000 -0.776909 -0.000000 -0.629613 0.000000 3.107635 1.000000 2.518452 1.000000 
-0.631951 -0.000000 0.775008 0.000000 -0.000000 1.000000 -0.000000 0.000000 -0.775008 -0.000000 -0.631951 0.000000 3.100032 1.000000 2.527806 1.000000 
-0.634284 -0.000000 0.773100 0.000000 -0.000000 1.000000 -0.000000 0.000000 -0.773100 -0.000000 -0.634284 0.000000 3.092400 1.000000 2.537136 1.000000 
-0.636611 -0.000000 0.771185 0.000000 -0.000000 1.000000 -0.000000 0.000000 -0.771185 -0.000000 -0.636611 0.000000 3.084741 1.000000 2.546444 1.000000 
-0.638932 -0.000000 0.769263 0.000000 -0.000000 1.000000 -0.000000 0.000000 -0.769263 -0.000000 -0.638932 0.000000 3.077053 1.000000 2.555728 1.000000 
-0.641247 -0.000000 0.767334 0.000000 -0.000000 1.000000 -0.000000 0.000000 -0.767334 -0.000000 -0.641247 0.000000 3.069337 1.000000 2.564989 1.000000 
-0.643557 -0.000000 0.765398 0.000000 -0.000000 1.000000 -0.000000 0.000000 -0.765398 -0.000000 -0.643557 0.000000 3.061593 1.000000 2.574227 1.000000 
-0.645860 -0.000000 0.763456 0.000000 -0.000000 1.000000 -0.000000 0.000000 -0.763456 -0.000000 -0.645860 0.000000 3.053822 1.000000 2.583442 1.000000 
-0.648158 -0.000000 0.761506 0.000000 -0.000000 1.000000 -0.000000 0.000000 -0.761506 -0.000000 -0.648158 0.000000 3.046023 1.000000 2.592633 1.000000 
-0.650450 -0.000000 0.759549 0.000000 -0.000000 1.000000 -0.000000 0.000000 -0.759549 -0.000000 -0.650450 0.000000 3.038196 1.000000 2.601800 1.000000 
-0.652736 -0.000000 0.757585 0.000000 -0.000000 1.000000 -0.000000 0.000000 -0.757585 -0.000000 -0.652736 0.000000 3.030342 1.000000 2.610944 1.000000 
-0.655016 -0.000000 0.755615 0.000000 -0.000000 1.000000 -0.000000 0.000000 -0.755615 -0.000000 -0.655016 0.000000 3.022460 1.000000 2.620064 1.000000 
-0.657290 -0.000000 0.753638 0.000000 -0.000000 1.000000 -0.000000 0.000000 -0.753638 -0.000000 -0.657290 0.000000 3.014551 1.000000 2.629160 1.000000 
-0.659558 -0.000000 0.751654 0.000000 -0.000000 1.000000 -0.000000 0.000000 -0.751654 -0.000000 -0.659558 0.000000 3.006614 1.000000 2.638233 1.000000 
-0.661820 -0.000000 0.749663 0.000000 -0.000000 1.000000 -0.000000 0.000000 -0.749663 -0.000000 -0.661820 0.000000 2.998650 1.000000 2.647281 1.000000 
-0.664076 -0.000000 0.747665 0.000000 -0.000000 1.000000 -0.000000 0.000000 -0.747665 -0.000000 -0.664076 0.000000 2.990659 1.000000 2.656306 1.000000 
-0.666327 -0.000000 0.745660 0.000000 -0.000000 1.000000 -0.000000 0.000000 -0.745660 -0.000000 -0.666327 0.000000 2.982640 1.000000 2.665306 1.000000 
-0.668571 -0.000000 0.743649 0.000000 -0.000000 1.000000 -0.000000 0.000000 -0.743649 -0.000000 -0.668571 0.000000 2.974595 1.000000 2.674282 1.000000 
-0.670809 -0.000000 0.741631 0.000000 -0.000000 1.000000 -0.000000 0.000000 -0.741631 -0.000000 -0.670809 0.000000 2.966522 1.000000 2.683234 1.000000 
-0.673040 -0.000000 0.739606 0.000000 -0.000000 1.000000 -0.000000 0.000000 -0.739606 -0.000000 -0.673040 0.000000 2.958423 1.000000 2.692161 1.000000 
-0.675266 -0.000000 0.737574 0.000000 -0.000000 1.000000 -0.000000 0.000000 -0.737574 -0.000000 -0.675266 0.000000 2.950297 1.000000 2.701065 1.000000 
-0.677486 -0.000000 0.735536 0.000000 -0.000000 1.000000 -0.000000 0.000000 -0.735536 -0.000000 -0.677486 0.000000 2.942144 1.000000 2.709943 1.000000 
-0.679699 -0.000000 0.733491 0.000000 -0.000000 1.000000 -0.000000 0.000000 -0.733491 -0.000000 -0.679699 0.000000 2.933964 1.000000 2.718797 1.000000 
-0.681907 -0.000000 0.731439 0.000000 -0.000000 1.000000 -0.000000 0.000000 -0.731439 -0.000000 -0.681907 0.000000 2.925757 1.000000 2.727626 1.000000 
-0.684108 -0.000000 0.729381 0.000000 -0.000000 1.000000 -0.000000 0.000000 -0.729381 -0.000000 -0.684108 0.000000 2.917524 1.000000 2.736431 1.000000 
-0.686303 -0.000000 0.727316 0.000000 -0.000000 1.000000 -0.000000 0.000000 -0.727316 -0.000000 -0.686303 0.000000 2.909265 1.000000 2.745210 1.000000 
-0.688491 -0.000000 0.725245 0.000000 -0.000000 1.000000 -0.000000 0.000000 -0.725245 -0.000000 -0.688491 0.000000 2.900979 1.000000 2.753965 1.000000 
-0.690674 -0.000000 0.723167 0.000000 -0.000000 1.000000 -0.000000 0.000000 -0.723167 -0.000000 -0.690674 0.000000 2.892667 1.000000 2.762694 1.000000 
-0.692850 -0.000000 0.721082 0.000000 -0.000000 1.000000 -0.000000 0.000000 -0.721082 -0.000000 -0.692850 0.000000 2.884328 1.000000 2.771399 1.000000 
-0.695020 -0.000000 0.718991 0.000000 -0.000000 1.000000 -0.000000 0.000000 -0.718991 -0.000000 -0.695020 0.000000 2.875963 1.000000 2.780078 1.000000 
-0.697183 -0.000000 0.716893 0.000000 -0.000000 1.000000 -0.000000 0.000000 -0.716893 -0.000000 -0.697183 0.000000 2.867572 1.000000 2.788732 1.000000 
-0.699340 -0.000000 0.714789 0.000000 -0.000000 1.000000 -0.000000 0.000000 -0.714789 -0.000000 -0.699340 0.000000 2.859155 1.000000 2.797361 1.000000 
-0.701491 -0.000000 0.712678 0.000000 -0.000000 1.000000 -0.000000 0.000000 -0.712678 -0.000000 -0.701491 0.000000 2.850713 1.000000 2.805965 1.000000 
-0.703636 -0.000000 0.710561 0.000000 -0.000000 1.000000 -0.000000 0.000000 -0.710561 -0.000000 -0.703636 0.000000 2.842244 1.000000 2.814543 1.000000 
-0.705774 -0.000000 0.708437 0.000000 -0.000000 1.000000 -0.000000 0.000000 -0.708437 -0.000000 -0.705774 0.000000 2.833749 1.000000 2.823095 1.000000 
-0.707905 -0.000000 0.706307 0.000000 -0.000000 1.000000 -0.000000 0.000000 -0.706307 -0.000000 -0.707905 0.000000 2.825229 1.000000 2.831622 1.000000 
